0 3254 1
0 3722 1
1 2 2
2 99 1
2 103 2
2 243 3
2 276 1
2 501 1
2 517 1
2 841 1
2 858 1
2 906 1
2 1114 2
2 1388 2
2 2208 1
2 3566 1
2 3706 1
5 3 1
6 7 2
7 1909 1
7 2678 1
7 3193 1
12 14 1
12 15 1
13 12 1
13 14 1
13 15 1
15 18 1
15 29 1
15 389 1
15 416 1
15 488 2
15 692 1
15 914 1
15 1774 1
15 2036 1
15 2359 1
15 3059 1
15 3570 1
16 18 1
16 105 1
16 592 3
16 1712 1
16 1777 1
16 2158 1
19 20 2
19 939 1
19 1008 1
19 1458 1
19 2553 1
19 2660 1
20 19 2
20 730 1
20 1865 1
21 23 1
21 983 1
22 24 1
23 24 2
23 1962 1
24 21 2
24 22 1
25 21 1
25 1440 1
27 3304 1
29 15 1
29 455 1
29 504 1
29 2391 1
30 27 1
30 29 1
30 2870 1
32 33 1
34 33 1
34 979 1
35 2154 1
36 37 3
36 932 1
36 1470 4
36 1471 2
36 1534 2
36 2493 1
36 2791 2
36 3016 1
37 35 2
37 987 1
37 1215 1
37 2154 1
38 37 1
38 419 3
38 467 4
38 468 2
38 886 1
38 1826 1
38 2881 1
38 3030 1
39 40 1
41 45 1
44 43 2
44 756 1
44 758 1
44 2568 1
44 3097 1
45 1535 1
49 51 1
50 51 1
51 52 1
53 54 1
55 57 1
55 1094 1
57 1402 1
58 57 1
59 60 1
59 2022 1
59 2248 1
62 19 1
63 62 1
63 265 1
63 1698 1
65 684 2
65 1411 1
65 2961 1
67 68 1
68 69 1
68 1139 1
69 66 1
71 72 1
71 592 1
72 73 1
73 125 2
73 841 1
74 76 1
75 77 1
76 273 1
76 1167 1
81 83 1
84 86 1
84 1820 1
86 412 1
86 414 1
86 1131 2
86 1156 1
87 88 1
88 89 1
89 91 1
90 87 1
90 91 1
94 96 1
95 98 1
95 946 1
96 98 1
97 98 1
97 1922 1
98 95 1
98 96 1
99 2 1
99 2352 1
101 103 1
102 103 1
103 225 3
103 561 2
105 1206 1
106 180 1
107 106 2
107 658 1
110 180 1
110 650 2
110 662 1
110 2878 1
112 596 1
114 116 1
115 3080 1
118 244 2
118 2736 1
119 3840 1
120 119 1
122 120 1
122 3840 1
123 142 1
124 3516 1
125 123 3
127 464 1
128 2899 1
129 918 2
129 930 1
129 1591 2
129 2389 1
129 2486 2
129 2489 1
129 2556 1
129 2557 1
129 2626 1
132 130 1
132 402 2
132 3214 1
134 133 2
135 134 2
135 625 1
135 834 2
135 2920 1
136 1221 1
136 1548 1
136 1549 1
136 2316 1
136 2844 1
136 2923 3
136 3346 3
136 3857 1
136 3858 1
137 135 1
137 136 1
138 1427 1
139 138 1
140 141 1
141 138 1
141 142 1
142 123 1
142 138 2
142 143 1
142 182 1
142 2682 1
143 138 2
143 1184 1
143 2591 1
143 2633 1
146 147 1
147 146 1
150 151 2
151 1559 1
151 2018 1
151 2384 1
153 215 2
153 1036 2
153 2021 1
158 1206 1
160 501 1
160 1410 1
161 162 1
162 161 1
165 166 1
166 168 1
170 3329 1
171 172 1
171 173 1
172 3535 1
174 177 1
176 174 3
177 174 1
177 176 1
177 3245 1
178 3600 1
179 180 1
180 178 1
180 358 2
180 360 1
180 735 1
180 737 2
180 1624 1
180 1625 1
180 1963 1
180 2319 1
180 2879 1
181 185 1
183 151 2
183 181 1
183 182 1
184 142 1
184 181 1
185 182 1
186 188 1
186 775 1
189 2215 1
190 3633 1
192 193 1
193 191 1
199 3440 1
200 201 1
200 202 1
205 203 1
205 1709 1
209 210 1
209 1680 1
210 160 1
210 1235 1
215 1451 1
217 214 1
218 44 1
219 220 1
220 1418 1
222 221 1
223 932 1
223 1342 1
223 1968 1
223 2146 1
225 276 1
225 532 1
226 227 1
231 232 1
232 235 1
233 234 1
233 960 1
233 976 1
233 3322 1
234 231 1
235 232 1
236 2644 1
237 3385 1
238 236 2
240 239 1
240 738 1
240 778 1
240 947 1
240 1100 6
240 1603 1
240 2696 1
240 2749 1
240 2816 1
240 2969 1
240 2984 1
240 2989 1
240 3386 1
242 243 1
243 2 3
243 210 1
243 655 1
243 1087 2
243 1098 1
243 2266 1
243 3610 1
244 118 2
244 425 1
244 2462 1
244 2922 2
247 1746 1
247 1748 1
247 1977 1
251 1312 1
253 254 1
254 247 1
255 3872 1
256 255 1
256 258 1
256 1666 2
257 256 1
258 255 1
258 782 1
259 258 1
259 701 1
264 263 1
264 3462 1
265 63 1
265 251 1
265 370 4
265 592 1
265 884 1
265 1312 1
265 2352 4
265 2750 1
265 2751 2
265 2754 1
265 3860 1
267 240 1
269 270 1
269 271 2
271 269 2
271 270 1
271 778 1
271 1101 1
271 1379 1
271 1380 1
271 2543 2
271 2969 1
273 272 2
275 2431 1
275 2738 1
275 3541 1
275 3603 1
276 44 1
276 3929 1
278 19 1
278 276 1
278 277 1
278 515 1
278 920 1
278 1074 1
278 3640 1
279 1812 1
280 281 4
280 2371 1
282 283 1
282 2559 1
287 15 1
287 293 4
287 306 1
287 463 1
287 498 1
287 835 1
287 914 1
287 953 1
287 1060 1
287 1323 1
287 1367 1
287 2016 1
289 287 1
289 290 1
289 293 1
291 287 9
291 434 1
291 967 1
291 1831 1
291 1900 1
293 290 1
293 967 1
293 1899 1
294 299 4
295 297 1
296 297 1
296 299 1
297 294 1
297 295 1
297 299 2
297 342 1
297 812 1
298 296 1
298 297 1
299 136 2
299 297 2
299 452 4
299 1034 1
299 1703 1
299 2248 1
299 3008 1
300 302 1
303 24 1
304 305 1
305 303 1
306 307 1
306 311 1
306 455 4
306 614 1
306 3360 1
307 311 1
308 21 1
308 307 1
308 311 1
309 307 1
310 21 1
310 306 1
310 307 1
311 306 1
311 312 1
312 307 1
313 1012 1
313 1013 1
313 2320 1
313 2999 1
313 3624 1
315 317 1
319 1636 2
322 323 1
322 324 1
323 1403 1
323 1404 1
323 1811 1
324 323 1
328 1 1
328 2806 1
330 331 1
331 330 1
332 1330 1
332 3859 1
336 337 3
336 338 1
336 2044 2
337 180 1
337 278 1
337 411 1
339 338 1
340 297 1
342 297 1
342 299 1
342 340 1
342 341 1
343 297 1
343 340 1
343 342 1
348 347 1
352 353 1
353 105 1
353 352 1
353 1206 1
353 1347 1
355 354 1
356 355 1
357 361 1
357 1871 1
357 2478 1
358 110 1
360 1280 1
360 1569 1
360 2478 1
361 170 1
361 359 1
361 923 1
361 1418 1
362 363 1
364 365 1
364 1717 1
366 2621 1
367 366 1
368 571 1
368 783 1
368 1326 1
368 2598 1
369 368 1
369 371 1
369 1698 1
369 2752 1
370 372 1
372 368 1
372 370 1
374 243 1
375 373 1
376 416 1
377 376 3
379 3775 1
380 265 1
380 423 3
380 1245 1
380 2918 1
382 381 1
384 383 2
385 387 1
387 385 1
388 737 1
388 1114 1
388 2025 1
388 2153 2
388 3596 1
389 15 1
389 671 1
389 1455 2
389 1472 1
392 701 1
392 2020 2
392 3029 1
393 3029 1
394 395 2
397 126 1
397 180 3
397 209 1
397 481 1
397 521 1
397 1330 2
397 1357 1
399 1264 1
400 399 1
403 132 3
403 402 2
405 153 1
407 2552 1
409 410 1
410 86 1
410 409 1
410 415 1
412 86 1
412 411 1
412 413 1
412 416 1
413 414 1
413 1538 1
413 1539 1
414 411 1
414 412 1
415 416 2
415 862 1
416 410 2
416 3929 1
418 427 1
419 38 3
419 203 1
419 466 1
419 468 1
419 1904 1
419 2638 1
422 2032 1
422 2514 1
422 3169 1
423 244 1
423 380 3
423 699 1
423 947 1
423 1299 1
423 1594 2
423 3409 1
423 3445 1
423 3743 1
426 230 2
426 3046 1
426 3161 1
433 432 2
434 287 1
438 441 1
439 438 1
439 441 1
441 439 1
441 442 1
442 439 1
442 441 1
442 443 1
442 445 1
443 441 1
443 445 1
444 443 1
445 440 1
445 442 1
446 415 1
446 447 1
446 860 1
446 863 1
447 416 1
447 448 1
448 416 1
448 446 1
449 36 2
449 3421 1
450 1135 1
451 450 1
453 2 1
453 452 1
453 2207 1
453 3235 1
453 3236 1
455 258 1
455 453 1
455 3360 1
458 460 2
459 458 1
463 1363 1
463 2738 2
464 127 1
464 1425 1
464 2328 1
464 3407 1
465 2982 1
466 419 1
466 467 1
467 477 1
467 904 1
467 1023 1
467 3323 1
468 38 2
468 419 1
470 471 1
471 961 1
474 2223 1
475 38 1
479 478 2
479 480 2
480 478 2
481 275 1
481 397 1
481 835 1
481 3100 1
485 1496 1
485 3037 1
487 486 1
488 15 2
489 490 1
489 1021 2
489 2488 1
491 1268 1
492 496 3
494 495 3
494 1308 1
494 1309 1
495 807 1
495 1639 2
495 2482 1
496 492 3
498 497 2
498 2938 1
499 822 1
499 1077 2
499 2342 3
499 2363 2
499 3817 1
500 153 1
501 503 1
501 624 2
502 844 1
502 1070 2
502 2443 1
502 3405 1
502 3658 1
502 3659 1
506 505 1
510 511 1
512 1086 2
512 1087 2
514 278 1
514 922 2
514 2275 1
515 516 1
517 2 1
520 519 3
520 1620 2
521 336 1
524 523 1
524 866 1
525 360 1
525 524 1
525 542 1
525 545 1
530 531 1
532 524 1
533 1908 1
533 2663 2
533 3345 1
533 3666 1
534 533 1
538 539 1
538 2145 1
538 2146 1
539 537 1
540 2367 1
541 540 2
542 543 1
542 2105 2
544 360 1
545 544 1
546 547 1
548 576 2
548 3263 1
548 3264 1
550 452 1
552 3349 1
554 553 1
555 553 2
556 287 1
558 557 3
561 103 2
561 1458 1
562 2830 1
562 2831 1
563 1148 1
564 562 1
565 1247 1
567 568 1
567 569 1
569 1351 2
571 570 1
574 573 1
575 1255 1
575 3269 1
576 2351 1
577 353 1
579 3724 1
580 16 1
582 581 1
582 584 1
584 582 1
584 583 1
586 2032 3
587 588 1
588 587 1
588 2597 1
590 55 2
590 337 1
590 1063 1
590 1543 1
592 71 1
592 858 1
592 2917 1
592 3410 1
594 595 1
597 598 1
598 597 1
602 1104 1
602 2794 1
603 605 1
610 247 1
611 612 1
612 611 1
613 388 1
614 1022 1
615 617 1
617 994 1
617 2722 1
618 615 1
618 617 1
619 616 1
622 621 1
624 623 1
624 718 1
625 1548 1
625 1957 1
627 136 2
627 455 1
628 629 1
633 488 1
633 632 1
633 1024 1
642 1206 1
643 642 1
644 1274 2
646 648 1
648 2302 1
649 650 2
650 2 1
650 110 2
650 841 1
650 923 1
650 2277 1
653 654 1
654 653 1
654 874 1
654 1134 1
658 15 1
658 107 1
658 397 2
659 660 1
661 662 1
664 544 1
665 667 1
665 3492 1
666 65 2
666 2234 1
667 666 1
668 1872 1
669 668 1
670 15 3
670 2649 1
671 388 1
673 674 1
673 675 1
674 672 1
674 673 1
674 676 1
675 673 1
676 1039 1
676 1047 2
676 1708 1
676 1739 1
676 2120 1
677 841 1
679 678 1
679 1884 1
679 2193 1
680 681 1
682 592 2
682 893 1
682 2305 1
682 2306 1
689 1378 2
690 15 1
691 2664 1
695 696 1
695 698 1
697 698 1
698 696 1
699 36 1
699 361 1
699 645 1
699 662 2
699 718 1
699 922 3
699 1485 1
699 1679 1
699 3273 1
699 3389 1
699 3492 1
700 2958 1
701 256 1
701 703 2
702 259 1
702 704 2
702 792 1
702 1828 1
702 2802 1
703 702 2
704 701 3
704 702 2
706 708 1
706 3085 1
710 709 1
711 710 1
712 2700 1
713 712 1
715 713 1
716 1789 2
716 2233 1
717 86 1
717 2343 1
717 2716 1
718 36 1
718 571 2
718 1002 1
718 1494 1
718 1897 1
718 2500 1
721 720 1
723 2247 1
724 2002 1
724 2004 1
725 724 1
726 728 2
726 729 2
728 729 2
729 244 1
729 726 2
733 734 1
735 1337 1
735 1571 2
736 3705 1
737 719 1
737 1624 1
737 2954 1
738 240 1
740 739 1
740 1630 2
741 153 1
741 1530 1
741 2412 1
742 3614 1
743 744 1
744 2 2
744 319 1
744 906 1
745 744 2
748 746 1
751 752 1
751 2815 1
754 2884 1
756 44 1
759 760 1
761 1521 1
762 38 1
762 704 1
762 2258 1
765 184 1
765 744 1
765 764 1
768 766 1
768 767 1
770 960 3
770 3321 1
771 857 1
772 857 1
773 774 1
776 240 2
777 240 1
777 271 1
777 530 1
778 776 1
779 1104 1
780 779 1
783 1130 1
786 2823 1
786 2824 1
788 789 1
790 397 1
790 789 1
790 1485 1
790 1509 1
792 702 1
792 791 2
792 793 2
793 2575 1
794 1206 1
795 794 3
795 881 1
796 795 1
799 1916 1
801 800 1
801 804 1
801 805 1
802 804 1
803 802 1
803 804 1
807 1512 1
807 3796 1
812 811 1
813 297 1
819 823 1
820 823 1
821 820 1
821 823 1
823 819 1
824 826 1
825 1272 1
825 1273 1
825 3209 1
825 3210 1
828 2 1
832 834 1
832 2501 1
833 135 1
833 834 2
834 135 2
834 1689 1
835 287 1
836 1461 1
837 836 1
837 838 1
838 837 1
839 73 1
840 142 1
841 2 1
841 677 1
841 889 1
841 890 2
841 891 1
841 2066 1
843 1459 1
851 852 1
851 853 1
852 854 1
853 854 1
854 853 1
855 1607 1
856 2049 1
856 2050 1
856 2052 1
857 772 1
858 592 1
862 415 1
862 416 1
862 863 1
862 864 1
862 947 3
862 1464 1
863 1404 1
863 2532 1
864 415 1
864 446 1
865 364 1
866 532 1
866 1010 1
866 1098 2
866 2341 1
867 868 1
868 865 1
868 867 1
869 870 2
873 2686 1
874 654 1
874 2309 1
876 3073 1
880 881 1
881 795 1
881 927 1
881 1286 1
884 885 1
884 886 1
885 265 1
885 887 1
886 368 1
886 783 1
886 3078 1
888 884 1
889 795 1
889 1245 1
892 1048 2
892 1049 2
893 34 2
894 893 1
898 947 2
900 899 1
900 2095 1
901 902 1
901 3308 1
902 2057 1
904 467 1
905 906 1
906 160 1
906 319 1
907 905 1
911 701 2
913 1586 1
913 2505 2
914 287 1
914 676 2
914 913 1
917 916 1
917 1205 1
917 2199 1
918 917 1
920 921 1
922 924 1
922 1352 1
922 1353 2
922 1581 1
922 1763 2
923 220 1
923 699 1
923 1353 2
923 1492 1
923 2238 1
923 2906 2
923 3445 1
924 923 3
924 2226 1
924 2730 1
925 927 3
925 1857 1
926 927 1
927 740 2
927 881 1
927 1491 1
927 1672 1
927 1906 1
927 3262 1
927 3928 1
928 247 1
931 2486 1
931 2489 1
931 2490 1
931 2558 1
932 36 1
932 1322 1
937 938 1
938 937 1
938 939 1
943 942 1
945 944 1
945 1410 1
946 95 1
946 945 3
946 1410 1
947 898 2
947 1838 1
947 3538 2
948 949 1
949 948 1
949 951 1
951 948 1
959 15 1
959 1055 1
959 1058 1
960 959 1
965 1114 1
967 293 1
967 1662 1
967 2104 1
968 966 1
969 718 1
969 1153 1
969 1831 1
976 1155 1
976 2514 2
980 397 1
980 981 1
983 24 1
983 2675 1
984 1780 1
984 3232 2
986 16 1
987 37 1
987 990 1
989 987 1
989 1547 2
989 3811 1
992 991 1
993 992 1
996 995 1
998 1000 1
1001 1196 1
1002 1331 1
1002 1448 1
1002 1692 1
1002 2455 1
1003 3935 1
1003 3936 1
1006 633 1
1006 699 4
1012 313 1
1012 1013 1
1013 313 1
1013 1012 1
1013 3433 1
1016 1018 1
1017 1016 1
1018 1017 1
1023 427 1
1023 1464 1
1023 1820 4
1025 1026 1
1027 256 2
1029 1028 2
1030 2034 1
1031 682 1
1031 923 2
1031 3445 1
1033 1032 1
1034 299 1
1034 1032 1
1034 3143 1
1039 1708 1
1039 2178 1
1040 1042 1
1041 1042 1
1043 458 1
1044 458 1
1045 458 2
1047 676 2
1047 1048 1
1048 1049 3
1048 1410 1
1048 2120 1
1049 1047 1
1051 426 1
1053 1052 1
1054 571 2
1054 2500 1
1055 959 1
1055 1056 1
1056 959 1
1056 1055 1
1056 1058 1
1057 1055 1
1057 1058 1
1060 411 1
1060 1153 1
1065 1064 1
1065 1995 1
1066 2454 1
1067 1068 1
1069 2731 1
1069 2772 1
1070 648 1
1070 2058 1
1073 178 1
1073 221 1
1073 913 1
1073 1006 1
1073 2144 2
1073 2979 1
1073 3502 1
1073 3530 1
1073 3640 1
1073 3676 1
1074 278 1
1074 3562 1
1077 1078 1
1082 1080 2
1082 3344 1
1084 1001 3
1084 1083 2
1087 1085 2
1092 1093 1
1094 180 1
1094 1543 1
1095 337 1
1096 799 2
1098 1010 1
1098 1947 1
1100 2933 1
1104 1762 1
1104 2096 1
1107 1106 2
1109 1110 2
1114 1115 1
1118 1117 1
1122 1378 1
1123 1122 1
1130 3670 1
1131 416 1
1134 1475 1
1135 1402 1
1136 1137 1
1143 1142 1
1146 1145 1
1150 1151 1
1152 699 1
1153 243 2
1153 1151 1
1153 2863 1
1154 1155 1
1154 1626 2
1155 1154 1
1158 416 1
1159 1160 2
1160 3148 1
1162 258 1
1163 258 1
1166 1165 1
1166 2171 1
1169 520 1
1169 3914 1
1171 2960 1
1172 1170 1
1172 1171 1
1173 1175 1
1175 2475 1
1176 299 1
1176 1665 4
1177 1178 1
1179 1180 1
1179 1181 1
1181 1275 2
1181 2458 1
1186 7 1
1187 3661 1
1191 1048 1
1192 740 1
1195 1001 1
1195 1196 1
1202 1201 1
1203 1204 1
1204 205 1
1205 204 1
1205 1204 1
1205 3748 1
1206 158 1
1206 575 1
1206 1723 1
1206 1906 1
1212 1211 1
1213 644 1
1215 1217 2
1216 1217 2
1217 3314 1
1220 1418 1
1221 2923 2
1221 3105 1
1224 1225 1
1225 1224 1
1225 1984 1
1226 1019 3
1226 1021 5
1233 1234 1
1234 1233 1
1235 1236 1
1238 2366 2
1241 525 2
1241 1247 2
1241 1812 1
1242 1243 1
1242 2489 1
1242 2490 1
1247 522 1
1247 525 2
1248 399 1
1253 1252 1
1253 1683 1
1254 3861 1
1255 575 1
1258 1259 1
1259 2464 2
1259 3092 1
1260 1258 1
1264 532 1
1264 1248 1
1264 1265 1
1265 1849 1
1265 1850 1
1268 2561 1
1270 1271 1
1271 506 1
1271 1270 1
1272 825 1
1272 1274 1
1273 644 1
1273 825 1
1273 1274 1
1274 825 1
1274 2517 1
1274 2858 1
1275 1181 2
1275 2312 1
1277 588 2
1283 1282 1
1283 2673 1
1284 1282 1
1287 1289 5
1292 265 1
1292 1775 1
1293 754 1
1295 2614 1
1299 423 1
1299 1153 1
1299 1300 1
1299 1679 1
1299 3443 1
1303 775 1
1307 1153 1
1308 494 1
1308 1310 1
1309 1451 1
1311 1312 1
1312 644 1
1313 1312 1
1315 1317 1
1316 1318 1
1321 1632 1
1326 368 1
1326 718 2
1330 397 2
1330 981 1
1331 1801 1
1334 545 1
1337 180 1
1339 1338 1
1341 485 1
1341 1342 1
1341 2712 1
1341 3115 1
1343 275 1
1347 927 1
1348 2017 1
1349 319 1
1360 1359 1
1361 287 1
1361 1362 1
1362 287 1
1362 1364 1
1362 1366 1
1362 1367 1
1363 1362 1
1363 1365 1
1363 1369 1
1364 287 1
1364 1368 1
1364 1369 1
1365 463 1
1365 1369 1
1366 287 1
1366 1364 1
1366 1367 1
1367 1361 1
1368 463 1
1368 1366 1
1369 1363 1
1369 1366 1
1372 736 1
1374 1375 1
1374 1376 1
1378 1377 1
1378 2803 1
1380 271 1
1381 1380 1
1385 3012 1
1388 1847 1
1388 2303 1
1388 3706 1
1390 1391 1
1390 1392 1
1393 1394 1
1399 1400 1
1402 1401 1
1403 323 1
1404 323 1
1407 1408 1
1408 1406 1
1408 1409 1
1408 3592 1
1409 1406 1
1409 1407 1
1410 2 1
1410 946 1
1410 3791 1
1412 1414 1
1413 1412 1
1416 1417 1
1417 15 1
1417 418 1
1418 361 1
1418 699 2
1418 922 1
1420 650 2
1423 3499 1
1425 2767 1
1428 890 2
1428 1427 1
1428 1429 1
1430 1431 1
1436 1434 1
1436 1435 1
1438 2873 1
1441 1444 1
1443 1445 1
1445 1443 1
1448 865 1
1449 1448 1
1452 215 1
1453 337 1
1457 561 1
1459 944 1
1459 2524 1
1460 838 1
1463 1851 1
1464 2541 1
1465 1160 1
1468 737 2
1468 2954 1
1468 2955 1
1469 499 1
1470 1471 2
1470 1472 1
1470 2494 1
1470 2791 1
1471 1472 1
1471 2155 1
1472 1471 1
1473 1474 3
1476 1477 1
1479 1478 1
1480 1478 1
1485 1264 1
1485 2145 1
1490 524 1
1491 110 1
1491 922 1
1493 1326 2
1495 1496 1
1496 1495 1
1498 1503 1
1498 3769 1
1499 1500 1
1499 1501 1
1500 1503 1
1501 1497 1
1502 1498 1
1504 287 2
1509 1510 1
1509 1511 1
1512 1513 1
1512 1514 3
1514 807 1
1516 1517 1
1518 1516 1
1519 1521 2
1520 38 2
1520 1519 1
1521 419 1
1527 180 1
1527 337 1
1528 741 1
1531 741 2
1531 1530 2
1533 1532 1
1534 35 1
1534 2791 1
1536 1537 1
1540 1242 1
1541 388 1
1543 590 1
1545 2636 1
1546 17 1
1546 3738 1
1547 221 2
1548 1550 1
1549 299 1
1552 1553 1
1554 1556 1
1558 1559 1
1559 1558 1
1562 650 2
1562 2354 2
1565 1820 1
1568 1567 1
1571 1810 1
1575 1576 1
1575 2935 1
1576 1999 1
1580 1579 1
1584 172 1
1590 129 3
1591 129 2
1591 2486 1
1594 423 2
1596 2322 1
1598 1599 1
1601 1600 1
1601 2923 2
1601 3346 1
1604 1605 1
1607 2480 1
1610 405 2
1614 617 1
1615 379 1
1616 1618 1
1617 1619 1
1617 1620 4
1617 3677 1
1618 1616 1
1620 1617 4
1620 3677 1
1623 1625 2
1624 737 1
1624 1625 2
1624 2205 1
1626 1154 2
1626 1979 4
1627 1628 1
1628 2919 1
1629 2919 1
1630 1250 3
1630 2376 1
1631 91 2
1635 1633 5
1635 1634 1
1635 2931 1
1640 1639 2
1641 495 2
1641 1639 3
1641 3946 1
1646 1645 1
1648 2 1
1648 1650 1
1650 1649 1
1651 1648 1
1651 1649 1
1657 1656 1
1657 3547 1
1658 3799 1
1660 1661 1
1661 1350 1
1661 1659 1
1663 1664 2
1663 1665 3
1663 3814 1
1664 1665 3
1668 1667 1
1668 1669 1
1673 397 2
1674 3214 1
1677 3260 1
1678 1679 1
1679 423 1
1679 666 1
1679 699 1
1683 1253 1
1683 1337 1
1683 2767 1
1683 2784 1
1684 1685 1
1688 1689 1
1689 834 1
1689 927 1
1689 1742 2
1691 485 1
1691 1690 1
1692 3296 1
1695 1697 1
1696 1697 1
1697 1695 1
1697 1698 1
1700 694 1
1701 572 1
1703 3575 1
1703 3576 1
1704 1705 1
1704 1706 1
1704 3034 1
1705 1707 1
1705 2935 1
1707 1706 1
1708 676 1
1708 1039 1
1710 1709 1
1710 1711 1
1712 592 1
1713 1715 1
1715 1714 1
1715 1716 1
1718 1719 1
1718 2923 1
1722 1312 1
1728 1448 1
1728 1976 1
1730 1190 1
1731 1190 1
1733 1734 1
1734 1733 1
1735 419 1
1735 1734 1
1735 3065 1
1736 1733 2
1736 1904 2
1736 2894 1
1736 3947 1
1738 287 1
1739 914 1
1744 2731 1
1745 1744 1
1747 1746 1
1748 3779 1
1749 437 1
1752 1750 1
1752 3431 1
1757 1755 1
1762 602 1
1765 3063 1
1767 379 1
1767 1766 1
1771 1772 1
1775 265 1
1777 1307 1
1777 2018 1
1778 1779 1
1781 1780 1
1782 984 1
1782 2246 1
1785 1786 1
1786 1785 1
1792 80 1
1792 2360 1
1794 2733 2
1794 2980 1
1796 2873 1
1797 1799 1
1798 1796 1
1804 1805 1
1807 1805 1
1808 1571 1
1808 1810 1
1811 323 1
1812 360 1
1812 1813 1
1813 1812 1
1816 1817 2
1818 658 1
1819 1818 1
1820 3720 1
1824 1825 1
1826 38 1
1828 701 1
1833 1834 1
1838 1836 1
1841 1840 1
1847 1848 1
1848 24 1
1848 25 1
1848 330 1
1848 1388 2
1848 2303 1
1850 3145 1
1856 1857 1
1860 1859 1
1861 15 1
1862 1321 1
1862 1864 1
1864 1321 1
1866 1865 1
1866 1883 1
1867 2256 2
1869 1868 1
1873 1872 1
1876 1874 1
1881 1880 1
1887 1231 1
1887 1884 2
1889 1888 1
1892 1893 1
1896 1895 1
1897 967 1
1898 1899 2
1899 1504 1
1899 1738 1
1899 1898 2
1900 291 1
1900 1738 1
1900 1898 2
1901 174 1
1901 2276 1
1903 1901 4
1905 1736 1
1905 1904 1
1907 1263 1
1910 1913 1
1916 1328 1
1916 2327 1
1917 1918 2
1919 1920 1
1920 856 1
1921 2929 1
1925 1928 1
1925 1929 1
1928 1926 1
1931 1181 3
1940 1942 2
1941 1942 1
1944 605 1
1945 1944 1
1947 1948 1
1948 45 1
1948 1947 1
1953 1955 1
1955 1954 2
1957 136 2
1959 1958 1
1959 1960 1
1962 2189 3
1962 3360 1
1965 1966 1
1967 1966 1
1968 223 1
1973 1972 1
1975 718 1
1975 2738 2
1978 1977 1
1979 1626 4
1979 1977 1
1979 1978 1
1979 3662 1
1979 3663 1
1983 1225 1
1984 1225 1
1986 1987 2
1995 1994 1
1996 1065 1
1997 1998 1
1999 1794 1
2001 3836 1
2003 2004 1
2004 2005 1
2006 2200 1
2008 2010 1
2009 2010 1
2010 2006 1
2010 2007 1
2011 2012 1
2011 2013 1
2014 15 1
2014 718 1
2015 969 1
2015 2016 1
2020 1666 1
2022 2365 1
2028 65 1
2030 2031 1
2033 2034 1
2034 2941 2
2036 15 1
2037 15 1
2037 416 1
2037 736 1
2037 2036 1
2038 2039 1
2038 2040 1
2042 336 1
2042 2044 1
2044 2041 1
2046 2813 2
2046 3539 1
2049 856 1
2050 856 1
2051 856 1
2051 2052 1
2053 2051 1
2054 2055 1
2054 2056 1
2058 502 1
2058 1070 1
2060 2061 1
2061 3051 1
2063 3375 1
2065 2064 1
2066 73 2
2067 2068 1
2069 2071 1
2072 1820 1
2075 516 1
2077 2079 1
2079 2077 1
2079 2080 1
2080 2076 1
2081 2077 1
2081 2078 1
2083 2082 1
2086 1994 1
2086 2085 1
2090 404 1
2091 404 1
2092 230 1
2093 941 1
2096 1104 1
2097 2098 1
2102 967 2
2102 2104 1
2102 2105 2
2103 2104 1
2104 967 1
2104 2102 1
2105 542 2
2106 3079 1
2108 2107 1
2110 2111 1
2110 2112 1
2112 2110 1
2113 2116 1
2114 2115 1
2120 676 1
2120 1250 1
2120 1630 2
2120 2119 2
2120 2201 1
2120 2804 1
2122 2124 1
2123 2124 1
2125 2124 1
2125 3313 1
2126 2122 1
2126 2124 1
2128 449 1
2129 278 1
2136 2137 1
2141 818 1
2145 538 1
2145 1485 1
2145 1968 1
2147 2272 1
2148 2150 1
2148 3757 1
2149 2150 1
2150 2149 1
2153 388 2
2154 1470 1
2154 1471 1
2155 36 1
2158 1712 1
2160 7 1
2162 1359 1
2162 2161 1
2163 2164 2
2170 2345 1
2172 2171 4
2173 2174 1
2174 2175 1
2175 1236 1
2175 2173 1
2177 2180 1
2181 2180 1
2182 2183 1
2183 2182 1
2184 248 1
2184 1866 2
2185 278 1
2189 306 2
2189 3360 1
2192 2190 1
2193 1884 1
2195 2196 1
2195 2197 1
2196 2195 1
2197 2616 2
2197 3251 1
2197 3471 1
2197 3839 1
2199 917 1
2199 2198 1
2199 2281 1
2200 2006 1
2200 2120 1
2201 2200 1
2206 453 1
2207 2 1
2207 453 1
2208 453 1
2210 2211 1
2213 2214 1
2215 189 1
2221 900 1
2226 923 2
2226 924 1
2226 2225 1
2227 2228 1
2241 2242 1
2243 223 1
2243 954 1
2243 2241 2
2243 3726 1
2245 1782 1
2245 3627 1
2246 2245 1
2247 723 1
2247 1646 1
2250 2249 1
2252 2249 1
2254 2253 1
2257 1867 1
2257 2256 1
2258 701 1
2261 1712 1
2262 136 2
2262 2548 1
2265 243 1
2265 2266 1
2267 2268 1
2270 1947 1
2272 2273 1
2272 2274 1
2273 2147 1
2273 2272 1
2275 514 1
2275 3764 2
2277 1562 1
2278 1136 1
2282 525 1
2284 2285 1
2285 487 1
2285 2284 1
2289 633 1
2290 1232 1
2291 2292 1
2292 2291 1
2293 2991 2
2293 3436 1
2295 2296 1
2295 2297 1
2297 2296 1
2298 743 1
2299 1521 1
2302 648 1
2305 2304 1
2305 2306 1
2306 2305 1
2307 2308 1
2312 1275 1
2313 2545 1
2317 1652 1
2318 650 1
2318 1031 2
2318 3707 1
2319 397 1
2325 900 1
2326 2325 1
2327 799 2
2331 2329 1
2336 2334 1
2338 2337 1
2339 1072 2
2340 416 1
2341 866 1
2342 499 3
2342 3758 1
2343 717 1
2344 717 2
2346 2345 1
2347 423 1
2347 464 1
2348 1169 1
2350 576 1
2352 2353 1
2352 3243 1
2355 2356 1
2359 383 1
2361 1792 1
2361 2360 1
2362 822 1
2362 2363 2
2368 95 1
2370 1971 1
2371 280 1
2372 735 1
2377 2375 1
2377 2376 1
2380 2378 1
2385 946 1
2387 287 1
2389 2390 1
2396 2398 1
2396 2399 1
2397 2398 1
2397 3518 1
2399 2397 1
2399 2398 1
2401 2400 1
2404 2403 1
2406 2403 1
2408 790 1
2412 741 1
2413 2241 1
2415 2943 1
2415 2950 1
2417 3488 1
2418 2420 1
2420 2418 1
2420 2419 1
2421 2419 1
2423 1073 1
2433 1071 1
2434 2433 1
2435 914 1
2436 233 1
2438 233 1
2438 2437 1
2440 1006 1
2440 1073 1
2441 614 1
2441 3910 1
2442 2443 1
2449 1650 1
2449 2710 1
2458 1931 1
2460 262 1
2463 244 1
2464 3092 1
2468 363 1
2471 2470 1
2473 2 1
2473 1175 1
2474 2 1
2477 2476 1
2485 2483 1
2486 129 2
2486 931 1
2487 2488 1
2490 931 1
2494 1470 1
2494 2493 1
2499 19 2
2500 571 1
2500 2576 1
2502 2449 1
2504 1084 1
2506 2507 1
2507 2508 1
2509 1208 1
2513 1571 1
2514 1155 1
2516 1104 1
2516 2515 1
2517 1274 1
2519 2520 1
2519 2521 1
2519 2522 1
2520 2521 1
2520 2522 1
2520 2523 1
2522 2520 1
2523 2519 1
2525 843 1
2525 2526 1
2528 2530 1
2529 2528 1
2530 3398 1
2532 2534 1
2533 863 1
2534 2532 1
2538 658 1
2539 1417 1
2544 481 2
2544 2313 2
2545 2721 1
2545 3100 1
2545 3866 1
2546 2547 1
2548 1522 1
2552 407 1
2555 129 1
2556 129 1
2557 2556 1
2558 129 1
2558 931 1
2560 2559 1
2563 734 1
2567 2568 1
2569 2570 1
2570 734 1
2574 793 1
2575 793 1
2580 795 1
2581 795 2
2582 914 1
2583 855 1
2590 558 1
2591 2171 1
2591 2441 1
2592 2243 1
2598 265 1
2599 265 1
2599 368 1
2600 2284 1
2602 2601 1
2603 1031 2
2604 426 1
2604 2605 1
2605 2604 1
2612 2613 1
2613 2040 1
2614 807 1
2614 3295 1
2614 3931 1
2626 3424 1
2627 129 1
2629 2630 1
2634 380 1
2636 251 1
2642 2641 1
2644 240 1
2644 3402 1
2644 3403 1
2645 2647 1
2645 2648 1
2646 2647 1
2647 2645 1
2647 2646 1
2647 2648 1
2649 670 1
2650 701 1
2654 363 1
2659 2657 1
2659 2658 1
2663 533 2
2663 1607 1
2663 2796 1
2666 2667 1
2668 1352 1
2671 967 1
2671 2670 1
2672 3700 1
2673 1283 1
2674 21 1
2675 24 1
2676 2677 1
2679 2681 1
2680 2684 1
2681 2682 1
2681 2684 1
2682 2683 1
2683 142 1
2684 2682 1
2685 2686 1
2694 2693 1
2697 240 2
2697 3159 1
2698 2695 1
2698 2696 1
2698 3159 1
2700 712 1
2701 712 1
2702 712 1
2702 2701 1
2703 2704 1
2708 2706 1
2710 2449 1
2711 1348 1
2711 2710 1
2712 1872 2
2712 2760 1
2715 502 1
2717 423 1
2718 2019 2
2724 1527 1
2725 2678 1
2731 2772 1
2732 397 1
2733 2734 1
2733 2980 1
2733 3125 1
2743 1476 1
2745 2747 1
2749 271 1
2751 265 2
2751 2750 1
2753 2754 1
2760 485 1
2760 1341 1
2761 2712 1
2762 1341 1
2767 735 1
2769 2768 1
2771 2770 1
2774 3320 1
2777 2776 1
2784 180 1
2784 1683 1
2789 44 1
2792 1470 1
2794 602 1
2794 779 1
2798 1289 2
2801 702 1
2802 702 1
2804 2119 1
2806 2805 1
2807 2809 2
2809 299 1
2809 1549 1
2811 1010 1
2818 2819 1
2819 2818 1
2824 2825 1
2825 786 1
2826 2827 1
2830 2832 1
2831 2833 1
2832 2833 1
2832 2834 1
2833 2832 1
2834 562 1
2834 2831 1
2837 2839 1
2843 3430 1
2843 3431 1
2844 133 1
2844 136 1
2844 1176 1
2850 902 1
2852 65 1
2852 2851 1
2853 2855 1
2855 2853 1
2857 2855 1
2858 2859 1
2859 644 1
2866 1221 1
2867 1221 1
2868 112 1
2873 3120 1
2873 3366 1
2876 143 1
2877 1221 1
2882 743 1
2883 15 1
2885 2886 1
2886 2885 1
2887 1607 1
2889 2890 1
2891 2420 1
2891 2890 1
2892 2893 1
2893 2892 1
2896 2897 1
2901 2900 1
2903 3726 1
2904 2905 1
2907 627 1
2911 3033 1
2912 1400 1
2915 1591 1
2916 923 1
2917 592 1
2918 2917 2
2918 3401 1
2919 1628 1
2922 244 2
2922 1716 1
2922 2921 1
2923 26 1
2926 3449 1
2927 180 1
2928 2930 1
2929 1002 1
2929 1921 1
2930 2929 1
2933 1100 1
2935 1705 1
2938 287 1
2938 497 1
2942 2941 1
2943 2950 1
2944 2943 1
2946 2949 1
2947 2945 1
2947 2946 1
2947 2948 1
2947 2949 1
2947 2950 1
2948 2946 1
2948 2947 1
2949 2948 1
2950 2415 1
2950 2948 1
2953 388 1
2955 2954 1
2956 2958 1
2957 2958 1
2958 2957 1
2962 3341 1
2964 3691 1
2966 2964 1
2969 240 1
2973 2972 1
2978 2976 1
2982 1153 1
2983 2985 1
2984 240 1
2984 2983 1
2988 2990 1
2989 898 1
2990 898 1
2991 3436 1
2995 514 1
2997 85 1
3005 3006 1
3008 299 1
3014 3013 1
3016 36 1
3025 3026 1
3026 3025 1
3026 3027 1
3034 2105 1
3038 485 1
3038 3037 1
3039 3040 1
3040 637 1
3042 3041 1
3048 723 2
3048 3056 1
3049 243 1
3056 3054 1
3057 701 1
3061 1517 1
3061 3062 1
3062 1517 1
3063 1768 1
3065 1735 1
3066 1409 1
3066 3067 1
3071 299 2
3074 740 1
3074 927 1
3075 502 1
3083 3082 1
3084 495 1
3084 3085 1
3085 495 1
3088 3087 1
3090 2555 1
3091 2555 1
3091 3092 1
3092 1259 1
3093 2555 1
3095 3094 1
3096 1388 1
3098 3099 1
3100 481 1
3102 19 1
3108 987 1
3109 37 1
3110 2665 1
3111 3112 1
3113 3112 1
3116 3115 1
3120 1796 1
3121 2873 1
3122 464 1
3130 3131 1
3130 3132 1
3131 3132 1
3132 3130 1
3132 3131 1
3134 3133 1
3139 3137 1
3140 3137 1
3140 3139 1
3141 1034 1
3142 3141 1
3147 3146 1
3149 3150 1
3149 3151 1
3152 947 1
3159 3160 1
3160 2697 1
3160 3159 1
3164 3165 1
3168 3167 1
3168 3169 1
3169 3167 1
3170 1250 1
3171 768 1
3177 2268 1
3178 3176 1
3180 3181 1
3182 3180 1
3187 3186 1
3188 103 2
3190 3053 1
3192 3191 1
3195 517 1
3195 3196 1
3196 517 1
3199 3200 1
3201 3198 1
3202 3205 1
3203 3204 1
3207 1192 2
3209 825 1
3211 3212 1
3213 1447 1
3214 132 1
3216 3218 1
3219 1073 1
3220 694 1
3220 3221 1
3223 3222 1
3226 3705 1
3228 3227 1
3228 3229 1
3232 3231 1
3236 453 1
3237 3238 1
3238 127 1
3238 668 1
3241 3240 1
3242 718 1
3242 969 1
3242 3811 1
3243 99 1
3243 3244 1
3245 3247 1
3250 2197 1
3251 3249 1
3253 0 1
3253 3254 1
3254 0 1
3254 3253 1
3256 0 1
3270 3269 1
3274 3273 1
3276 3278 1
3276 3279 1
3277 3275 1
3279 3278 1
3280 3282 2
3280 3479 1
3282 3283 2
3283 3479 1
3284 1194 1
3284 3289 1
3285 3287 1
3286 1194 1
3286 3284 1
3286 3287 1
3287 1194 1
3287 3289 1
3289 3286 1
3289 3288 1
3299 3298 1
3301 369 1
3301 3302 1
3302 369 1
3304 26 1
3304 3305 1
3307 901 1
3308 3307 1
3311 1931 1
3313 353 1
3319 2774 1
3319 3320 1
3320 3319 1
3321 960 2
3322 3321 1
3323 467 1
3323 3324 1
3324 38 1
3324 467 1
3327 3328 1
3332 3331 1
3332 3334 1
3333 3334 1
3334 3331 1
3335 3336 1
3339 3338 1
3340 2962 1
3341 3342 1
3342 3341 1
3343 2962 1
3348 1077 1
3352 3350 1
3354 3355 1
3355 3354 1
3355 3358 2
3355 3756 1
3360 306 1
3364 3363 1
3368 3371 1
3370 3367 1
3371 3370 1
3374 244 1
3378 3885 1
3379 787 1
3383 3678 1
3384 1620 2
3384 3383 2
3385 3387 1
3390 3392 1
3392 3391 1
3399 2530 1
3400 3399 1
3401 2917 1
3405 3404 1
3408 795 1
3410 858 1
3413 718 1
3415 3418 1
3418 3415 1
3419 3421 1
3423 3232 1
3423 3422 1
3426 3427 1
3429 186 1
3430 3431 1
3431 1752 1
3431 2843 1
3439 199 1
3439 3438 1
3440 3438 1
3441 2789 1
3443 1153 1
3443 3648 1
3445 923 1
3445 1031 1
3446 1031 1
3446 3445 1
3448 3449 1
3448 3450 1
3448 3451 1
3449 3450 1
3451 3450 1
3451 3617 1
3456 3455 1
3462 264 1
3462 3463 1
3463 264 1
3464 2771 1
3465 1940 1
3471 1134 1
3472 3473 1
3473 3472 1
3474 426 1
3477 3478 1
3479 3281 1
3481 2817 1
3483 3482 1
3483 3484 1
3483 3485 1
3493 3494 1
3495 715 1
3495 3494 1
3497 1030 1
3499 1424 1
3502 1073 1
3504 3506 1
3506 3504 1
3508 3509 1
3509 3508 1
3510 3511 1
3512 3513 1
3514 1410 1
3515 845 1
3517 3630 1
3517 3631 1
3521 968 1
3524 3526 1
3526 3524 1
3526 3527 1
3527 3526 1
3529 3530 1
3530 3529 1
3532 3531 1
3533 3531 1
3535 172 1
3540 3539 1
3543 3542 1
3545 3547 1
3546 1657 1
3548 1131 1
3550 3551 1
3553 3552 1
3554 2789 1
3555 3556 1
3556 3554 1
3556 3555 1
3572 3571 1
3575 3577 1
3576 3575 1
3577 1703 1
3577 3575 1
3578 3580 1
3579 3578 1
3580 3578 1
3581 1673 1
3582 3584 1
3583 3582 1
3588 7 1
3590 1039 1
3591 2105 1
3591 3592 1
3593 3594 1
3593 3595 1
3594 3593 1
3595 3593 1
3597 3599 1
3598 3597 1
3598 3599 1
3599 251 1
3600 1073 1
3604 889 1
3611 3612 1
3611 3613 1
3612 3611 1
3612 3613 1
3613 3612 1
3615 3614 1
3619 3621 1
3624 313 1
3625 3628 1
3627 3625 1
3627 3626 1
3630 3517 1
3630 3631 1
3632 3633 1
3634 180 1
3645 3644 1
3646 3648 1
3646 3649 1
3648 1153 1
3648 3649 1
3649 3646 1
3653 3654 1
3655 3656 1
3660 502 1
3660 3658 1
3661 881 1
3662 3663 1
3668 2011 1
3669 2967 1
3671 499 1
3678 1620 2
3679 1620 1
3682 3683 1
3685 3686 1
3689 2517 1
3692 2964 1
3693 73 1
3693 2066 1
3694 3696 1
3695 3696 1
3697 504 1
3699 3698 1
3701 3702 1
3704 3703 1
3705 736 1
3705 3226 1
3707 923 1
3711 3712 1
3712 3711 1
3717 3714 1
3717 3716 1
3721 0 1
3721 3722 1
3721 3723 1
3722 3721 1
3723 0 1
3723 3721 1
3724 579 1
3726 2903 1
3727 271 1
3733 3218 1
3736 3737 1
3738 1546 1
3742 2963 1
3743 423 1
3743 3745 1
3744 3745 1
3745 423 1
3745 3743 1
3752 3753 1
3753 3752 1
3754 768 1
3754 3171 1
3757 2148 1
3763 2252 1
3763 3762 1
3766 3765 1
3768 917 1
3770 3772 1
3777 2984 1
3781 3783 1
3782 3783 1
3783 3781 1
3786 3789 1
3787 3788 1
3787 3789 1
3791 1410 1
3796 807 1
3798 1525 1
3801 3804 1
3805 927 1
3810 3242 1
3811 20 1
3812 989 1
3812 3811 1
3817 3815 1
3828 3830 1
3829 3828 1
3830 3829 1
3831 3827 1
3831 3830 1
3834 715 1
3834 3835 1
3836 1698 1
3836 2001 1
3837 2001 1
3838 2197 1
3841 2514 1
3841 2517 1
3843 3844 1
3845 743 1
3846 3845 1
3848 3847 1
3848 3849 1
3853 936 1
3854 3856 1
3858 625 1
3860 1254 1
3861 370 1
3864 3779 1
3864 3780 1
3864 3863 1
3865 3863 1
3866 2545 1
3868 3869 1
3871 255 1
3874 3014 1
3876 3875 1
3878 15 1
3879 15 1
3879 2285 1
3886 1763 1
3887 3888 1
3887 3889 1
3889 3890 1
3890 3888 1
3890 3889 1
3891 3887 1
3891 3889 1
3892 3893 1
3895 3777 1
3903 1626 1
3906 19 1
3908 3909 1
3909 3908 1
3910 3911 1
3911 2441 1
3912 3914 1
3917 851 1
3920 2692 1
3925 3924 1
3931 2614 1
3941 1920 1
3942 3941 1
3943 1756 1
3945 1641 1
3949 890 1
