2 3269 1
2 8453 1
7 1607 1
7 10759 1
7 10760 1
7 10767 1
7 10770 1
7 10774 1
15 3260 1
15 3406 1
15 7662 1
15 11027 1
21 306 1
22 21 1
24 11071 1
25 7370 1
25 7486 1
25 7487 1
25 8428 1
25 8720 1
25 10446 1
29 10406 1
33 9336 1
36 932 1
36 1534 1
44 7863 1
44 7866 1
44 7867 1
44 7869 1
44 7879 1
44 7884 1
44 8585 1
44 10858 1
45 1938 1
45 9137 1
45 10291 1
54 10599 1
54 10600 1
59 550 1
59 2248 3
59 7509 1
59 7899 1
59 8781 1
59 8968 2
59 9116 1
59 9897 2
59 9898 1
70 9718 1
74 1580 1
74 10864 1
76 1166 1
76 1580 1
76 8337 3
76 8529 1
76 8692 1
76 10867 1
79 9244 1
80 8505 1
105 23 1
105 7768 1
108 656 2
108 1876 1
108 8025 1
108 8646 1
115 3680 1
115 6269 2
115 9555 1
118 4372 9
118 7093 1
118 10030 1
118 10505 2
118 10506 1
118 10735 2
118 10736 2
127 668 1
127 718 2
127 9331 1
129 1242 1
129 9759 1
129 9760 1
129 9761 1
133 1176 1
134 9366 1
136 625 3
136 4249 1
136 4781 1
136 7938 1
136 9611 1
136 10045 1
136 10487 1
156 9560 1
156 9561 1
170 10225 1
172 11133 1
174 176 1
174 177 1
174 1034 1
174 1901 1
174 2276 1
177 8233 1
208 11189 1
215 216 1
216 8678 1
217 215 1
218 3037 1
218 8131 1
218 8132 1
220 2040 1
220 3296 1
220 8321 1
223 9855 1
223 9858 1
240 1987 1
241 3048 2
242 8410 1
243 241 3
243 723 1
243 1527 2
243 3562 2
243 8345 1
243 8347 1
243 8388 1
243 8389 1
247 8416 1
251 1464 2
251 2542 1
255 259 1
255 10892 1
256 257 1
256 8128 4
257 256 1
258 9526 1
258 9529 1
266 699 2
266 7637 1
273 9332 1
275 8840 1
275 10066 3
278 3562 1
278 8041 1
279 10212 1
296 298 3
296 3680 1
296 8743 1
296 9378 1
296 10808 1
297 294 1
297 340 1
297 729 6
297 812 1
297 1550 6
297 1993 1
297 3760 1
297 4208 1
297 4209 1
297 4549 3
297 7044 1
297 7408 2
297 7543 3
297 7545 2
297 8166 1
297 8968 1
297 9496 1
297 9773 1
298 294 1
298 299 3
298 8572 1
299 306 1
299 405 1
299 1034 1
299 7624 2
299 7707 1
299 7709 1
299 7710 1
299 7795 1
299 8367 1
299 8745 1
299 8783 1
299 9117 1
299 10310 1
299 10353 1
299 10528 1
299 10808 1
299 11333 1
305 11071 1
305 11072 1
306 299 1
306 455 1
306 10445 1
313 2998 3
319 11155 1
322 10331 1
323 1811 1
323 2797 1
323 3525 1
323 8222 1
330 25 1
340 3680 1
340 7677 1
340 10309 1
342 8572 1
351 3274 2
351 3918 3
351 6622 1
351 8183 4
351 8340 2
351 9249 3
351 10485 1
367 897 1
368 2593 1
384 1001 1
386 10192 1
386 10706 1
386 10707 1
386 10709 1
388 3114 1
389 1067 1
389 1472 1
405 452 1
407 10912 1
422 7820 1
422 8414 1
422 9920 1
422 9925 1
422 10601 1
426 11150 1
427 898 1
427 947 1
449 9850 1
450 922 1
452 298 1
452 299 8
452 550 2
452 552 1
452 614 1
452 8743 2
452 9199 1
471 856 1
481 572 1
481 3100 1
481 9237 1
488 1084 1
488 10917 1
495 496 2
495 7543 4
495 8332 1
495 8382 1
495 9265 1
495 9670 1
495 10268 1
495 10269 1
495 10734 1
496 492 2
496 7523 1
496 7917 1
496 11136 1
499 3671 1
520 699 2
520 1098 3
520 7501 1
520 7637 1
520 10280 1
520 10282 1
520 10283 1
520 10284 1
537 389 1
550 452 2
550 1033 1
550 8300 1
551 59 3
551 299 1
551 306 1
552 299 6
552 8781 1
557 7670 1
558 557 6
558 8171 1
571 8040 1
571 8081 2
572 872 1
572 9873 1
583 705 1
588 10463 1
593 10479 1
597 5140 1
597 7667 3
597 8643 1
597 9421 1
612 1550 3
612 1742 1
612 8073 1
612 8586 1
612 8588 1
616 1051 3
616 2720 1
616 6251 1
616 7062 1
616 7358 1
616 7589 2
616 7590 3
616 9192 1
616 9368 1
616 9474 1
616 10394 1
618 616 1
625 136 3
625 2262 1
627 136 2
627 4429 1
627 8205 1
627 8629 1
627 8632 1
647 1096 1
647 4503 1
647 7750 1
647 8343 2
647 8644 1
647 9790 1
647 11237 1
656 3106 1
656 9017 1
656 9309 1
656 11107 1
658 9556 1
665 699 1
668 2875 1
670 9823 1
672 7586 1
672 10036 1
676 1410 2
676 3791 2
676 10140 2
689 2803 1
689 7671 1
689 7673 1
689 8603 1
689 10363 1
689 10702 1
699 665 1
701 8537 1
706 5483 1
706 8559 1
714 8274 1
716 1034 1
716 7629 1
716 10551 1
716 10552 1
717 76 1
717 10550 1
718 1850 1
718 8271 1
723 8820 1
726 729 3
726 3210 1
727 454 1
727 11023 1
729 405 1
729 727 4
729 1550 7
729 4074 3
729 4209 1
729 5545 1
729 6005 1
729 7717 2
729 8793 1
729 8878 4
729 8884 1
729 9391 1
729 9415 1
729 9480 2
729 9851 1
729 9928 1
729 10589 1
729 10662 1
729 11085 1
734 463 1
741 495 1
741 706 1
741 8561 1
755 9936 1
755 10170 1
757 7866 1
757 7871 1
757 7874 1
757 7876 1
757 7877 1
757 7883 1
758 2039 1
760 9654 1
769 1693 3
769 9916 1
770 10467 1
787 1039 3
787 1708 2
787 10495 1
790 1485 1
790 3723 1
790 7104 1
790 8243 1
790 8450 1
790 9488 1
790 9489 1
790 10227 1
799 7548 1
807 11311 1
809 10287 1
810 809 3
810 10976 1
811 813 4
811 10478 1
812 297 1
813 8684 1
813 10289 1
814 4018 1
819 9519 1
825 9630 1
825 9631 1
845 23 1
845 105 1
856 1920 1
856 3941 1
865 866 2
865 2310 1
865 8406 1
865 10671 1
866 520 1
871 9873 1
872 572 1
881 1187 1
881 7529 1
892 34 1
897 367 1
909 7705 1
932 2778 1
944 8845 1
945 787 2
945 10745 1
945 11250 1
946 787 2
947 758 1
947 898 1
947 2649 1
948 7774 1
965 3269 1
965 6449 1
975 8844 1
984 1781 1
992 9638 1
1001 15 1
1001 384 1
1001 1084 1
1010 7501 1
1010 8709 1
1015 8590 1
1017 3618 1
1032 299 3
1033 297 1
1033 550 1
1033 1034 1
1033 5388 1
1033 7859 1
1033 8072 1
1033 8687 1
1033 8690 3
1033 10525 1
1033 10615 1
1034 7795 1
1034 8647 1
1034 10069 1
1034 10070 1
1034 10071 1
1036 1397 1
1036 8382 1
1036 9018 2
1039 946 1
1039 8320 1
1039 8435 1
1039 11146 1
1041 7810 1
1051 1220 1
1062 8755 1
1073 9419 1
1074 1378 1
1074 7727 1
1074 7903 1
1074 9542 1
1074 9787 1
1074 9789 1
1077 495 1
1084 825 1
1084 7704 1
1090 36 1
1090 2154 1
1090 7625 1
1098 243 1
1098 1010 2
1098 7697 1
1098 7886 1
1104 7565 1
1104 7567 1
1108 3927 2
1108 4267 1
1108 4396 1
1108 9211 1
1108 10867 1
1112 9069 1
1150 1153 1
1153 656 1
1155 8326 1
1166 8337 1
1168 9015 1
1168 9135 1
1168 9136 1
1171 7699 1
1172 10695 1
1189 10583 1
1200 7681 1
1200 7944 1
1212 11158 1
1212 11160 1
1221 7973 1
1221 7974 1
1242 129 1
1242 1243 1
1242 3780 1
1242 9501 1
1242 9502 1
1242 9751 1
1242 9753 1
1242 9757 1
1243 5190 1
1243 9751 1
1243 9754 1
1243 9757 1
1243 9759 1
1248 278 1
1248 7704 1
1259 2595 1
1259 9024 1
1259 9431 1
1259 9678 1
1285 419 1
1287 8475 1
1300 7570 1
1300 10729 1
1334 10362 1
1334 10751 1
1334 10757 1
1339 10204 1
1374 10638 1
1375 10638 1
1378 7 1
1378 3562 2
1378 4444 1
1378 7689 1
1378 9962 1
1378 10221 1
1378 10751 1
1378 10757 1
1378 10766 1
1378 10770 1
1388 856 1
1388 1848 1
1388 2303 1
1388 3500 1
1388 8259 1
1397 1036 1
1410 676 2
1411 9336 1
1447 9439 1
1458 1698 1
1458 3301 1
1465 8485 1
1485 790 1
1529 4922 1
1529 8197 1
1530 10160 1
1530 10161 1
1534 3015 4
1534 9353 1
1534 9633 2
1534 10727 1
1535 8832 1
1548 1549 1
1550 729 7
1550 1017 2
1550 1033 3
1550 2809 1
1550 3722 4
1550 3723 1
1550 4075 2
1550 4250 1
1550 4531 1
1550 5217 1
1550 8044 5
1550 8054 1
1550 8073 1
1550 8234 1
1550 8246 1
1550 8265 1
1550 8266 1
1550 8485 1
1550 8586 1
1550 8733 1
1550 8798 1
1550 9049 1
1550 9489 1
1550 9699 4
1550 9927 1
1550 10206 2
1550 10347 1
1550 10649 1
1550 10906 2
1550 10913 1
1550 11081 1
1550 11147 1
1550 11177 1
1580 1108 1
1580 2787 1
1580 10864 1
1584 76 1
1584 1249 1
1584 9264 1
1584 10950 1
1584 10951 1
1601 8935 1
1602 8423 1
1606 4102 2
1607 9834 1
1607 10362 1
1607 10751 1
1607 10754 1
1607 10759 1
1607 10764 1
1612 5766 1
1617 8272 3
1617 9809 1
1617 10678 1
1620 4249 2
1620 8858 1
1627 10952 1
1629 1628 1
1629 10511 1
1629 10952 1
1653 1245 1
1674 10362 1
1676 10252 1
1693 769 3
1693 2436 1
1693 5170 1
1693 7579 1
1693 10001 1
1693 10004 1
1693 10694 1
1694 1693 2
1694 7951 1
1694 8076 1
1694 9130 1
1694 10130 1
1698 1458 1
1727 2576 1
1728 10014 1
1728 10016 1
1728 10019 1
1728 10020 1
1728 10021 1
1728 10025 1
1738 3562 1
1738 8031 2
1738 8033 1
1748 7662 1
1761 7945 1
1780 8932 1
1781 984 1
1782 6019 1
1791 6993 1
1791 11141 1
1794 136 1
1794 2827 1
1794 8365 1
1794 9091 1
1794 10488 1
1801 10370 1
1823 845 1
1841 2223 1
1841 10120 1
1841 10121 1
1848 330 3
1848 1388 1
1848 2303 1
1848 8428 1
1866 1888 1
1866 7897 3
1876 7627 2
1889 11123 1
1889 11124 1
1899 729 1
1899 7543 1
1903 8594 1
1926 2744 2
1926 9569 1
1926 10341 1
1929 8496 1
1929 8890 1
1929 9391 1
1938 4549 1
1947 243 1
1947 10290 1
1948 45 1
1948 10290 1
1950 1951 3
1952 1951 3
1954 1953 1
1955 10159 1
1968 1047 1
1968 1485 2
1968 2145 2
1968 3267 1
1973 11162 1
2011 2013 1
2011 3297 1
2011 8455 1
2011 8793 1
2011 10458 2
2011 10459 2
2011 10529 1
2012 8676 1
2013 2011 1
2022 8104 1
2022 8108 1
2023 59 2
2025 9333 1
2025 10016 1
2025 10017 1
2025 10020 1
2040 220 1
2059 3895 1
2071 10443 1
2105 3591 1
2106 1938 1
2145 1485 2
2145 9020 2
2152 9569 1
2154 1090 1
2157 76 1
2157 10864 1
2163 1698 1
2173 3816 1
2189 5142 2
2189 5434 7
2189 8662 2
2189 8741 1
2206 2 1
2213 8739 1
2213 8740 1
2216 10487 1
2223 9475 2
2223 10118 2
2223 10119 1
2230 9026 1
2230 9029 1
2240 10012 1
2245 6019 2
2245 9304 1
2248 550 1
2248 552 1
2248 8778 1
2252 9029 1
2258 10534 1
2262 626 1
2264 6416 1
2265 8344 1
2265 8348 1
2265 8349 1
2266 485 1
2270 1098 1
2280 8335 1
2280 8336 1
2280 9070 1
2303 1848 1
2350 8764 1
2360 9157 1
2364 8108 1
2370 10856 1
2373 9780 1
2373 11142 1
2397 9513 1
2423 499 1
2432 9676 1
2432 11197 1
2436 10694 1
2439 807 2
2439 9250 1
2441 8205 1
2441 8256 1
2474 10253 1
2479 1708 1
2479 9731 1
2481 7963 1
2492 5486 1
2500 2576 1
2541 7938 1
2548 625 1
2548 2262 1
2548 8390 2
2548 8391 2
2548 8393 2
2567 44 1
2578 4018 1
2591 9188 1
2595 1259 1
2597 588 1
2597 8541 1
2605 426 1
2636 3632 1
2636 8461 1
2649 947 1
2649 8732 1
2649 8733 1
2679 8050 1
2705 4067 1
2705 8051 1
2712 485 1
2719 10391 1
2720 4226 2
2720 4228 1
2720 4712 1
2720 4735 1
2720 10653 1
2734 7100 1
2736 9393 1
2736 9394 1
2744 11142 1
2778 932 1
2779 2611 1
2787 8036 1
2788 1866 1
2797 323 1
2797 625 1
2797 1738 1
2797 1811 1
2797 2798 1
2807 1548 1
2808 8200 1
2809 1549 1
2809 1550 1
2827 2578 1
2827 10487 1
2842 3680 1
2842 5344 2
2843 2841 1
2843 2842 1
2855 9048 1
2857 2855 2
2857 5344 4
2857 8042 1
2857 9031 1
2857 9047 1
2857 9391 2
2857 9683 1
2857 9875 1
2868 313 1
2875 668 1
2903 8476 1
2903 9453 1
2903 11254 1
2929 3792 1
2937 3435 1
2951 2967 1
2951 7997 1
2951 7999 1
2967 2951 1
2974 1200 1
2974 8155 1
2974 11219 1
2974 11221 1
2998 3273 1
3004 8830 1
3015 9633 2
3015 10510 1
3015 10726 1
3015 10727 1
3017 8727 1
3017 8728 1
3017 9210 1
3017 9950 1
3017 10984 1
3017 10987 1
3037 8131 1
3048 3377 4
3048 8311 1
3048 10903 1
3056 495 1
3056 8086 1
3056 8559 1
3056 8560 1
3069 8507 1
3069 8509 1
3069 8510 1
3069 11149 1
3070 9306 1
3071 452 1
3071 8780 1
3071 8781 1
3085 10573 1
3106 656 1
3113 76 1
3113 1584 1
3117 426 2
3130 10724 1
3144 1899 1
3144 7545 1
3145 8317 1
3183 3184 1
3184 4434 1
3184 9045 1
3184 10610 1
3184 10611 1
3209 3722 1
3210 716 1
3210 825 1
3210 1708 1
3210 7555 2
3210 10456 1
3210 10552 1
3213 1447 1
3223 10362 1
3223 10898 1
3232 8196 1
3239 865 1
3239 3240 1
3240 10671 1
3241 10670 1
3258 8889 1
3258 11263 1
3260 384 1
3269 3453 1
3273 6466 1
3273 7506 1
3273 10138 1
3293 3209 1
3293 3647 1
3293 10908 1
3296 44 1
3296 2563 1
3296 8501 1
3296 9242 1
3314 1217 1
3316 10061 1
3316 11309 1
3316 11310 1
3353 251 1
3373 9858 1
3377 3056 1
3377 10904 1
3406 7662 1
3415 10092 2
3419 449 1
3419 3421 1
3420 3421 3
3428 220 1
3445 108 1
3451 4834 1
3457 10371 1
3524 3525 1
3524 3526 1
3541 10341 1
3552 3553 1
3562 7 1
3562 278 1
3562 1378 2
3562 1607 1
3562 1738 1
3562 4147 3
3562 4628 3
3562 5344 4
3562 5795 1
3562 7662 1
3562 7691 5
3562 8076 7
3562 8388 1
3562 8413 2
3562 8518 1
3562 9031 1
3562 10097 1
3562 10274 1
3562 10352 1
3562 10558 1
3562 10683 1
3562 10693 1
3562 10762 1
3562 10767 1
3590 7795 1
3590 10106 1
3597 251 2
3597 8267 1
3598 8818 1
3599 8267 1
3600 9420 1
3602 8539 1
3616 8725 2
3616 8726 2
3618 8234 1
3618 9050 1
3618 10919 1
3623 1848 2
3638 1397 1
3638 8707 1
3639 1737 1
3639 10459 2
3642 10257 1
3642 10258 1
3643 3641 1
3647 9905 1
3650 3642 1
3661 8865 1
3667 9911 1
3667 10166 1
3667 10168 1
3680 296 1
3680 298 1
3680 2842 1
3680 7624 1
3680 7677 2
3680 7707 1
3680 8202 1
3680 9692 2
3699 7543 1
3699 7545 1
3719 8589 1
3722 1550 4
3722 7104 5
3722 8577 1
3722 8578 1
3722 8722 1
3723 1550 1
3723 3722 1
3726 8441 1
3726 11251 1
3751 5382 1
3751 7574 1
3754 8049 1
3754 8050 1
3758 8329 1
3758 9908 1
3762 2252 4
3762 2464 1
3779 7662 3
3780 1748 2
3780 7662 2
3780 7664 1
3780 9749 1
3780 9753 1
3780 9759 1
3792 136 1
3792 2929 1
3792 4225 1
3792 7579 5
3792 8630 1
3792 8631 1
3792 8632 1
3792 8947 4
3792 8948 2
3792 9228 1
3792 9406 2
3792 9409 2
3792 9675 1
3792 10447 1
3792 10712 1
3792 11273 1
3793 8486 1
3793 8647 1
3794 8144 2
3796 807 1
3858 985 1
3858 9722 1
3866 11011 1
3888 8076 1
3888 8752 1
3889 5361 1
3893 3258 1
3893 11260 1
3893 11261 1
3893 11262 1
3895 8614 1
3895 10578 1
3900 718 2
3900 10408 1
3918 351 3
3927 1108 2
3927 7851 1
3935 463 1
3942 856 1
3953 9543 1
3961 4550 1
3988 1889 1
3988 3184 1
3988 3987 1
3988 4193 1
3988 7176 1
4003 4396 1
4003 10136 3
4003 10137 3
4003 10399 1
4008 8042 1
4008 8439 1
4008 8674 1
4018 814 1
4018 2578 1
4063 4064 1
4064 4063 1
4074 1794 1
4074 7910 1
4074 8365 2
4075 1550 2
4075 5051 1
4075 8751 1
4075 9091 1
4075 10663 1
4076 7592 1
4076 9946 1
4079 4690 1
4079 5386 1
4080 7450 1
4080 9068 3
4080 9661 1
4086 4831 1
4102 4712 1
4102 9677 1
4102 10853 2
4102 10854 1
4108 7703 1
4111 8227 1
4111 8469 2
4112 10185 1
4146 3562 2
4146 10239 1
4146 10240 1
4147 8292 1
4148 8907 1
4149 4148 1
4157 10064 1
4193 5599 1
4195 3858 3
4196 4296 1
4207 3722 2
4207 10561 1
4208 4207 2
4208 5344 1
4208 8044 1
4208 8244 1
4208 9220 3
4208 10778 1
4209 729 1
4209 4207 3
4209 7770 1
4222 9075 1
4222 9077 1
4225 3792 1
4225 7750 1
4225 8946 1
4226 2719 1
4226 3450 1
4228 2720 1
4249 136 1
4249 2011 1
4249 4922 1
4249 5165 1
4249 5387 1
4249 5575 1
4249 6673 5
4249 7207 2
4249 9567 1
4249 9841 1
4249 10843 1
4249 10883 1
4250 4251 1
4250 4756 1
4256 8431 1
4256 8432 1
4258 11199 1
4296 6071 1
4366 3793 1
4366 8485 1
4372 6827 1
4372 9039 1
4372 9067 1
4372 10376 1
4373 6827 1
4373 10102 1
4373 10377 1
4386 8950 1
4396 1108 1
4396 10136 1
4398 1550 2
4405 11051 1
4426 6234 1
4429 8255 1
4434 3184 1
4434 8471 1
4436 5238 1
4441 6495 1
4441 6641 3
4441 9569 3
4442 4441 2
4442 11142 1
4444 9962 1
4449 6015 1
4482 4372 1
4496 9412 1
4503 769 1
4503 8522 1
4503 9100 1
4503 9102 1
4505 7555 2
4505 7629 2
4505 8082 2
4505 8204 1
4505 8205 1
4506 3988 1
4506 5486 1
4508 4102 1
4510 4193 1
4531 11238 1
4549 769 5
4549 945 1
4549 3889 1
4549 5344 3
4549 8076 4
4549 8156 1
4549 8168 1
4549 8543 1
4549 9042 1
4550 5725 1
4550 7586 1
4550 8057 1
4550 8249 2
4550 8913 2
4550 10623 1
4565 5735 1
4602 3210 1
4602 10491 1
4614 4225 1
4619 729 3
4619 1550 1
4619 5387 1
4619 5566 1
4628 1694 1
4628 3562 3
4628 9130 3
4629 7662 1
4634 4731 1
4634 9884 1
4639 4640 1
4639 4641 1
4642 4640 1
4642 4641 1
4680 8670 2
4681 3037 1
4681 8132 1
4690 4079 1
4706 7901 1
4706 8662 1
4706 10373 1
4706 11111 1
4708 4843 1
4712 4102 1
4712 9618 1
4712 10348 1
4731 1550 1
4731 7685 1
4731 8265 1
4731 9884 1
4731 9885 1
4731 10955 1
4735 3210 1
4735 3562 1
4756 4706 2
4756 9308 1
4781 6840 1
4816 4249 1
4816 10507 1
4851 1529 1
4853 11148 1
4877 9713 1
4877 10622 1
4886 3373 1
4886 9856 1
4922 1550 2
4922 7574 2
4922 8655 1
4922 8899 1
4922 8900 1
4922 10818 1
4922 10910 1
4946 2189 3
5017 10498 1
5033 2432 1
5051 4075 1
5051 10332 1
5065 9217 1
5096 8680 1
5124 5187 1
5125 7681 1
5125 7683 1
5125 7684 1
5140 597 1
5140 7765 4
5140 8474 3
5140 8785 1
5142 5434 2
5142 8564 1
5165 4249 1
5165 9842 1
5190 9750 1
5190 9755 1
5198 5199 1
5198 5260 1
5199 8517 1
5199 10414 1
5199 10415 1
5199 10423 2
5199 10424 1
5199 10428 2
5199 11078 1
5199 11080 1
5217 1550 1
5260 5198 1
5321 4222 1
5321 9075 1
5324 496 1
5324 1617 1
5324 8271 1
5324 8272 1
5344 787 2
5344 4503 2
5344 4549 3
5344 8061 1
5344 8301 1
5344 9217 1
5344 9219 1
5344 9875 1
5344 10185 1
5344 10186 1
5344 10496 1
5344 10497 1
5361 9454 1
5384 729 1
5384 9785 1
5385 2012 1
5386 4079 1
5386 4109 1
5386 9062 1
5387 729 2
5387 4249 1
5388 8245 1
5388 8690 1
5388 8691 1
5388 8775 1
5388 8777 1
5388 9489 1
5388 10617 1
5392 10525 1
5394 2719 1
5394 2720 3
5394 9791 1
5434 6665 4
5434 7794 1
5434 8741 1
5434 9000 1
5434 9686 1
5476 11210 1
5483 8558 1
5483 8559 1
5483 8560 1
5486 4506 1
5500 7645 1
5500 10230 1
5504 7508 1
5511 8930 1
5511 11177 1
5511 11178 1
5536 7695 1
5544 5545 2
5545 729 1
5545 4249 2
5545 7465 1
5545 8190 1
5566 5387 1
5575 1200 2
5575 4249 1
5575 7574 1
5575 8868 1
5575 9705 1
5575 10302 1
5593 8923 1
5595 8151 2
5595 8153 2
5664 9630 1
5703 1780 1
5703 3004 1
5725 4550 1
5725 7630 1
5725 8658 2
5735 729 1
5735 2720 1
5735 4706 1
5736 4706 1
5736 4756 1
5789 4259 1
5789 7668 1
5795 4049 1
5795 8221 3
5795 8315 1
5795 9101 2
5811 7039 2
5811 8135 1
5831 8065 1
5870 4259 1
5886 5996 1
5886 11274 1
5886 11275 1
5895 7579 2
5946 4102 1
5992 7931 1
5996 5886 1
5998 4731 1
6019 1782 1
6019 2245 2
6022 4506 1
6072 4639 1
6101 7682 1
6101 11221 1
6146 3858 1
6155 8255 2
6155 9869 1
6183 9429 1
6203 7656 1
6203 7659 1
6203 7660 1
6205 10597 1
6217 10206 1
6248 616 1
6249 616 4
6251 6248 1
6251 6250 1
6269 115 2
6269 1550 1
6269 3680 1
6282 9626 1
6286 5387 1
6302 10271 1
6311 3598 1
6311 8818 1
6318 8501 1
6373 10926 1
6416 8676 1
6449 3269 1
6466 7615 1
6466 7616 1
6466 7617 1
6466 9309 1
6495 7550 4
6495 9990 1
6553 8690 1
6553 9427 1
6614 9868 1
6622 351 1
6640 3562 1
6641 4780 1
6660 9183 1
6665 9225 1
6665 9227 1
6673 9864 1
6673 10843 1
6740 7603 1
6740 7722 1
6740 11130 1
6751 10937 1
6761 7836 1
6776 9110 1
6807 9901 1
6840 7939 1
6861 9040 1
6861 10557 2
6862 8896 1
6897 8671 1
6925 9576 1
6971 10422 1
6971 10427 1
6971 11079 1
6971 11080 1
6979 11019 1
6993 2243 1
6993 6994 1
6993 9272 1
6997 1954 1
7038 9267 1
7039 7038 2
7039 8134 3
7039 8825 1
7039 9267 1
7044 7801 1
7062 10833 1
7093 10506 1
7093 10507 1
7104 2808 1
7104 8575 1
7154 4396 1
7154 10918 1
7179 11121 1
7189 9452 1
7207 4249 2
7289 2252 1
7289 9029 1
7295 11247 1
7333 10577 1
7337 3056 1
7358 616 1
7370 25 1
7408 297 2
7408 7910 1
7413 7873 1
7422 7784 1
7465 5545 1
7465 6217 1
7465 7466 2
7465 11164 1
7485 7484 1
7486 7484 1
7486 7487 1
7490 7492 1
7491 7492 2
7492 9154 1
7492 9157 2
7496 787 1
7498 7496 1
7501 1708 1
7501 1939 1
7501 7500 1
7501 8182 5
7502 1939 1
7505 10775 1
7507 5504 1
7507 8544 1
7508 59 2
7508 5504 1
7508 8544 1
7509 59 1
7509 5504 1
7509 7508 1
7510 7513 1
7511 7513 1
7513 7512 1
7513 7514 1
7514 7515 1
7515 7513 1
7518 496 1
7518 7522 1
7518 7918 1
7518 8622 1
7518 8679 1
7518 9101 1
7518 9620 1
7518 10007 1
7518 10008 2
7519 7523 1
7519 7524 1
7520 7522 1
7521 7522 1
7522 7518 1
7522 7519 1
7524 7522 1
7525 7526 2
7526 4079 1
7526 8250 1
7527 7529 2
7527 8022 1
7528 7527 2
7528 7529 2
7531 7527 1
7531 7529 1
7532 2011 1
7535 8488 1
7535 8491 1
7535 8493 1
7535 8494 1
7536 7537 1
7537 7539 1
7537 7540 1
7538 7539 1
7539 7540 1
7540 2423 1
7543 297 3
7543 3699 1
7543 7044 1
7543 7544 1
7543 9266 1
7543 10803 1
7544 729 1
7544 7702 1
7544 8760 1
7545 729 1
7545 1550 1
7545 7543 1
7550 7956 1
7552 8244 1
7554 278 3
7554 1074 1
7554 8041 1
7555 716 1
7555 7554 1
7555 7558 1
7555 10551 1
7560 388 2
7560 389 1
7562 7561 1
7566 7568 1
7567 1104 1
7570 7572 1
7572 7571 1
7574 3296 1
7574 3751 1
7574 4075 1
7574 4922 2
7574 5051 1
7574 6740 2
7574 7575 1
7574 8488 1
7574 11205 2
7574 11281 1
7575 7576 1
7576 7574 1
7576 8752 1
7578 7577 1
7579 1693 1
7579 7747 1
7583 10865 1
7584 77 1
7586 7585 2
7586 8642 1
7586 10036 1
7586 10037 1
7586 10623 1
7586 11088 1
7587 7588 1
7587 7591 1
7588 7590 3
7589 7587 1
7589 7591 2
7589 9384 1
7590 616 3
7591 7587 1
7591 7590 2
7591 8333 1
7591 9384 2
7592 9946 1
7592 9947 1
7592 11003 1
7594 4549 1
7596 118 1
7596 8701 1
7596 9768 1
7596 11307 1
7603 4493 1
7604 7605 1
7605 4797 1
7607 7608 1
7607 7613 2
7607 7790 1
7608 7606 1
7608 7609 1
7608 7610 1
7612 7610 1
7613 7612 1
7614 6466 1
7616 7614 1
7616 7615 1
7617 6466 1
7617 7615 1
7618 7621 1
7619 7623 1
7621 7618 1
7622 7619 1
7622 7620 1
7622 7621 1
7623 7620 1
7624 757 1
7624 7413 1
7624 7620 1
7624 7757 2
7624 7870 1
7624 7875 1
7624 7877 1
7624 7880 1
7624 7951 2
7624 8309 1
7624 8422 1
7624 9044 1
7624 10930 1
7625 36 1
7627 5901 2
7628 7087 1
7628 7629 1
7629 3210 2
7629 9260 1
7629 9261 2
7629 10883 1
7630 7629 1
7632 7869 1
7632 7875 1
7632 7877 1
7632 7878 1
7632 7879 1
7632 8743 1
7632 10971 1
7633 5499 1
7634 105 1
7634 520 1
7634 7636 1
7634 7639 1
7635 7637 1
7637 7634 1
7638 7635 1
7638 7636 1
7640 7637 1
7644 7643 1
7646 5500 1
7647 2152 1
7650 7651 1
7652 5261 1
7653 7654 1
7654 7655 1
7655 6203 1
7655 7653 1
7655 7654 1
7655 7657 1
7656 7660 1
7657 7655 1
7657 7660 1
7658 7657 1
7658 7659 1
7660 7653 1
7660 7654 1
7660 7658 1
7662 3406 1
7662 7663 1
7663 7661 1
7663 10835 1
7663 10836 1
7664 3780 1
7665 3721 1
7665 8522 1
7668 5789 1
7673 689 1
7675 7676 1
7676 299 1
7676 7677 1
7677 340 1
7677 7676 1
7679 7678 1
7682 6101 1
7682 11221 1
7687 8216 2
7687 10548 1
7688 3562 1
7688 7691 1
7689 945 1
7689 7691 2
7689 8076 1
7689 10362 1
7689 10752 1
7689 10756 1
7689 10757 1
7689 10765 1
7689 10769 1
7691 945 1
7691 10124 2
7693 7694 1
7695 9533 1
7702 1550 8
7702 7545 1
7702 8686 2
7703 4108 1
7703 7702 1
7704 278 3
7705 7706 1
7708 7710 1
7708 10879 1
7709 7708 1
7710 299 1
7710 7707 1
7710 7708 1
7710 9916 1
7711 7714 2
7712 7713 1
7714 7712 1
7715 10339 1
7716 712 1
7717 729 2
7719 9111 1
7722 8504 1
7722 9464 1
7722 9938 1
7725 76 2
7725 9940 1
7726 7727 1
7727 6495 3
7727 7728 1
7736 7735 1
7736 7737 1
7737 7735 1
7737 7736 1
7737 9595 1
7738 7734 1
7738 7736 1
7739 7741 1
7741 7739 1
7743 2185 1
7746 8110 1
7747 7579 1
7751 7752 1
7751 7753 1
7752 7751 1
7753 7751 1
7754 7751 1
7754 7753 1
7756 7757 1
7757 7758 2
7758 7756 1
7758 7757 2
7758 9043 1
7758 9044 1
7759 5500 2
7760 2397 1
7761 5544 1
7761 7762 1
7761 7763 1
7761 8184 1
7761 8189 1
7761 8190 1
7763 7761 1
7764 5140 1
7764 7765 1
7767 6101 1
7767 11221 1
7768 105 1
7769 4209 1
7769 7770 2
7770 8518 1
7772 7776 1
7772 10142 1
7772 10145 1
7773 7776 1
7773 7777 1
7773 7778 1
7774 948 1
7774 2843 1
7774 4619 1
7774 7775 1
7774 7776 1
7774 7780 1
7774 8243 1
7774 9164 1
7774 9584 1
7774 10626 1
7775 7772 1
7776 7775 1
7776 7780 1
7777 7776 1
7777 7780 1
7778 7777 1
7778 7779 1
7779 7774 1
7779 7778 1
7780 7773 1
7780 7775 1
7780 7779 1
7781 7422 1
7781 7784 1
7782 7784 1
7784 7782 1
7785 7782 1
7786 7422 1
7788 3889 1
7788 7787 1
7788 9383 1
7789 2720 3
7789 6481 1
7790 7613 1
7792 7607 1
7793 7607 1
7793 7613 1
7794 7916 1
7794 8522 3
7794 9137 3
7794 9360 2
7794 9361 1
7794 9558 2
7794 9671 1
7795 8527 1
7795 10106 1
7795 10107 1
7795 10549 1
7795 10856 1
7795 10857 1
7796 9861 1
7797 7796 1
7797 10009 1
7798 7799 1
7800 7798 1
7801 7543 1
7801 7802 1
7804 7806 1
7804 7807 1
7807 7803 1
7808 7809 1
7808 7810 1
7810 1041 1
7810 7809 1
7815 5215 1
7816 7818 1
7816 7819 1
7818 7819 1
7820 7927 1
7820 10601 1
7822 7820 2
7826 7824 1
7827 9638 1
7829 2929 1
7830 1955 1
7830 9968 1
7832 7833 1
7833 7832 1
7834 7833 1
7836 9805 2
7836 10052 1
7836 10055 1
7837 2252 1
7839 3149 1
7841 7840 1
7844 7843 2
7845 7844 1
7845 7846 1
7846 7845 1
7846 7847 3
7847 8919 1
7847 9396 1
7848 7845 1
7849 3927 1
7849 7851 1
7850 7856 1
7850 7999 1
7850 8446 1
7850 8737 1
7850 8863 1
7851 647 3
7851 2951 1
7851 3927 1
7851 7996 1
7851 7999 1
7855 7856 1
7856 5140 1
7856 7855 1
7856 10318 1
7856 10320 3
7859 299 2
7859 452 1
7859 614 1
7860 7861 1
7860 7871 1
7860 7878 1
7860 8651 1
7860 8652 1
7860 10928 1
7861 7632 1
7861 7865 1
7861 7866 1
7861 7867 1
7861 7868 1
7861 7871 1
7861 7882 1
7862 7624 3
7862 7632 1
7862 7866 1
7862 7875 1
7862 7876 1
7862 7877 1
7862 7884 1
7862 7951 2
7863 7866 1
7863 7870 1
7863 7879 1
7864 7862 2
7864 7863 1
7864 7868 1
7864 7870 1
7864 7871 1
7864 7875 1
7864 7876 1
7864 7880 1
7865 757 1
7865 7624 2
7865 7861 1
7865 7864 2
7865 7867 1
7865 7868 1
7865 7871 1
7866 757 1
7866 7862 1
7866 7870 1
7866 7871 1
7866 7872 1
7866 7876 1
7867 7860 1
7867 7871 1
7867 7878 1
7868 757 1
7868 7624 1
7868 7632 1
7868 7876 1
7868 7877 1
7868 7878 1
7869 44 1
7869 7632 1
7869 7862 1
7869 7872 1
7869 7876 1
7869 7883 1
7869 7884 1
7870 7624 1
7870 7632 1
7870 7861 1
7870 7864 1
7870 7865 1
7870 7866 1
7870 7867 1
7870 7868 1
7870 7872 1
7870 7882 1
7871 44 1
7871 7624 3
7871 7632 3
7871 7862 1
7871 7870 1
7871 7872 2
7871 7873 3
7871 7876 1
7871 7882 1
7871 7883 1
7871 7884 1
7872 757 1
7872 7632 2
7872 7863 1
7872 7864 1
7872 7875 1
7873 2013 1
7873 7863 2
7873 7877 1
7873 7880 1
7873 7882 1
7873 7885 1
7874 7860 1
7874 7862 1
7874 7863 1
7874 7864 1
7874 7870 1
7874 7871 1
7874 7873 1
7874 7878 1
7874 7880 1
7875 7861 1
7875 7871 1
7875 7876 1
7875 7877 1
7875 7882 1
7876 7870 1
7876 7875 1
7876 7878 1
7876 7882 1
7877 7864 1
7877 7865 1
7877 7868 1
7877 7869 1
7877 7874 1
7877 7880 1
7877 7881 1
7877 7882 1
7877 7883 1
7878 7866 1
7878 7870 1
7878 7872 1
7878 7877 1
7878 7884 1
7878 7885 1
7879 7624 1
7879 7632 1
7879 7860 1
7879 7861 1
7879 7873 1
7879 7874 1
7879 7876 1
7879 7878 1
7879 7884 1
7879 7885 1
7880 44 1
7880 7864 1
7880 7868 1
7880 7873 1
7880 7878 1
7881 7861 1
7881 7864 1
7881 7865 1
7881 7868 1
7881 7870 1
7881 7875 1
7882 44 1
7882 7632 1
7882 7870 1
7882 7871 1
7882 7874 1
7882 7877 1
7883 757 1
7883 7632 1
7883 7861 1
7883 7862 1
7883 7882 1
7883 7885 1
7884 7862 1
7884 7874 1
7884 7878 1
7884 7883 1
7885 7624 1
7885 7870 1
7885 7874 1
7885 7880 1
7885 7882 1
7887 7888 1
7887 7890 1
7892 7893 1
7894 7897 3
7895 7894 2
7895 7897 2
7896 7894 2
7897 7894 3
7897 7896 2
7898 1866 1
7898 7897 1
7899 9157 1
7902 7903 1
7903 7902 1
7907 7906 1
7909 7911 1
7910 7909 1
7911 7909 1
7911 7912 1
7912 7911 1
7913 11169 1
7914 7916 1
7915 7795 1
7916 7794 1
7917 496 1
7917 7918 1
7918 7523 1
7918 8691 1
7918 11081 1
7920 7919 1
7920 7922 1
7921 7922 1
7922 7923 1
7923 9286 1
7924 8094 1
7924 8095 1
7927 8192 1
7927 8660 1
7927 8661 1
7927 11134 1
7927 11135 1
7929 5992 1
7930 5992 1
7930 7929 1
7930 7934 1
7931 7933 1
7931 7936 1
7932 7934 1
7933 7930 1
7933 7931 1
7934 7932 1
7934 7936 1
7935 7932 1
7935 7936 1
7936 7932 1
7938 4781 2
7938 6840 1
7938 9491 1
7939 4781 2
7939 9723 1
7940 243 2
7940 10213 1
7941 3667 1
7941 10166 1
7941 10168 1
7942 5434 1
7942 7941 1
7944 5575 2
7947 1694 1
7947 7948 1
7949 7947 1
7950 1694 1
7950 9663 1
7951 1694 1
7951 7863 1
7951 7873 1
7952 1694 1
7952 7624 1
7952 7862 1
7955 7550 1
7956 6495 1
7960 7959 1
7960 7962 1
7961 7959 1
7961 8130 2
7961 9993 1
7963 7964 1
7963 7965 1
7963 7990 1
7966 7968 2
7967 7968 1
7967 8208 1
7968 7967 1
7968 7969 2
7969 7967 1
7969 7970 2
7971 7745 1
7972 814 1
7975 4426 1
7976 7978 2
7976 8244 1
7976 11147 1
7978 8915 1
7978 9473 1
7983 7985 1
7986 7984 1
7989 7963 1
7989 7990 1
7992 7994 1
7994 7993 1
7996 7999 1
7996 8000 1
7997 7850 1
7997 7999 1
7998 7997 1
7998 7999 1
7998 8000 1
7999 7996 1
8000 7998 1
8000 8001 1
8003 9115 1
8003 9734 1
8005 8007 1
8005 10474 1
8006 8005 2
8007 3048 1
8007 8005 1
8008 8013 1
8009 8011 1
8010 8009 1
8010 8012 1
8011 8013 1
8013 8011 1
8016 8015 1
8021 7527 1
8021 7529 1
8021 7530 1
8021 8020 1
8022 7530 1
8022 8020 1
8022 8021 1
8028 8031 1
8029 10322 1
8030 8029 1
8030 8033 1
8031 7794 4
8031 8314 1
8032 8033 2
8036 847 1
8037 8036 1
8040 571 1
8040 3889 1
8040 7967 1
8042 729 1
8042 4008 1
8042 8044 2
8043 4208 1
8043 8044 1
8044 8072 1
8044 8244 1
8045 9140 1
8046 2679 1
8047 8048 1
8049 8048 1
8050 3754 1
8050 8046 1
8050 8047 1
8050 8048 1
8051 4067 1
8053 8216 1
8053 9357 1
8057 8058 1
8058 8057 1
8059 5344 1
8059 8062 1
8059 8063 1
8060 8061 1
8060 8063 1
8063 5344 1
8064 8065 1
8065 5831 1
8065 8064 1
8066 8067 1
8066 11257 1
8067 8069 1
8068 5547 1
8068 7836 1
8071 8044 1
8071 8243 2
8071 8244 2
8072 8074 1
8072 9489 1
8072 10057 1
8072 10612 1
8073 1550 1
8073 8071 1
8074 1550 2
8074 8044 1
8074 10525 1
8076 945 1
8076 1693 3
8076 7689 1
8076 8693 1
8076 9632 1
8079 7967 1
8079 8080 1
8081 9717 1
8082 729 2
8082 7629 2
8082 9261 2
8082 9996 1
8082 10551 1
8083 8084 1
8083 8086 1
8084 8083 1
8085 8086 1
8086 3056 1
8086 8083 1
8088 8089 1
8089 8088 1
8089 8090 1
8090 8088 1
8090 8089 1
8090 8091 1
8091 1620 1
8091 8088 1
8091 8089 1
8091 9025 4
8091 9222 1
8091 9431 1
8092 2857 1
8102 8896 1
8102 10557 1
8103 8105 1
8104 8108 1
8105 2364 1
8107 2022 1
8107 8104 1
8107 8108 1
8108 2364 1
8110 865 3
8110 7746 1
8116 2548 1
8117 8119 1
8118 8116 1
8119 8116 1
8120 8116 1
8120 8117 1
8120 8119 1
8121 9023 1
8122 8124 1
8123 8125 1
8124 8125 1
8126 256 1
8126 11338 1
8126 11340 1
8127 256 1
8127 8126 1
8127 8128 1
8127 8156 2
8127 9985 1
8128 10103 1
8129 8967 1
8131 4681 1
8132 3037 1
8133 136 1
8134 7039 3
8135 5677 2
8136 118 2
8137 4072 2
8138 8140 1
8139 7595 1
8142 8143 1
8144 7574 2
8146 8149 1
8148 8145 1
8148 8146 1
8149 8150 1
8150 8147 1
8150 8149 1
8151 8152 2
8154 8155 1
8154 8156 1
8156 8154 1
8156 11214 1
8161 118 1
8166 297 1
8166 8167 1
8167 297 1
8167 8166 1
8168 8167 1
8170 8169 1
8172 8173 1
8174 4566 1
8176 2972 1
8177 8178 1
8177 8180 1
8178 8179 1
8181 9249 2
8182 351 6
8184 7761 1
8184 8185 1
8184 8186 1
8185 8186 1
8187 5545 1
8187 8184 1
8187 8186 1
8188 7761 1
8188 8091 1
8188 8187 1
8189 7761 1
8189 8187 1
8190 5545 1
8190 8189 1
8191 7927 1
8192 7927 1
8193 8192 2
8195 984 1
8195 3232 1
8196 984 1
8197 9926 1
8201 8202 1
8202 8201 1
8202 8203 1
8204 3722 1
8205 627 1
8205 922 1
8205 2441 1
8205 5748 1
8206 8205 1
8208 9827 1
8213 8212 2
8215 134 1
8216 10548 1
8217 8219 1
8218 8217 1
8222 323 1
8222 2797 1
8222 3526 1
8223 8244 1
8223 9927 1
8226 3751 1
8226 4111 1
8226 8467 1
8226 8468 1
8227 8469 2
8228 2398 1
8228 8979 1
8229 8230 1
8232 616 3
8232 7062 1
8232 10833 1
8234 1176 1
8234 8235 1
8234 8721 1
8234 10919 1
8239 8238 1
8240 394 1
8240 8242 1
8241 8240 1
8242 394 1
8243 8246 1
8244 7552 1
8244 7702 1
8244 8071 2
8244 8072 1
8244 8721 1
8244 9682 2
8244 10057 1
8244 10524 1
8245 1033 1
8245 1550 3
8245 8074 1
8245 10612 1
8246 8244 1
8248 8247 1
8250 7526 1
8251 8252 1
8253 8252 3
8253 8355 2
8253 8833 1
8254 8252 1
8255 10502 1
8256 2441 1
8259 1388 1
8262 8263 1
8267 1980 1
8268 8270 1
8269 8268 1
8270 8268 1
8271 9309 1
8272 496 1
8272 3056 1
8272 5324 1
8273 496 1
8274 714 1
8276 8277 1
8277 8279 1
8279 8278 1
8279 9495 1
8281 10184 1
8283 5051 1
8284 8281 1
8288 668 1
8290 3056 1
8291 8290 2
8292 8294 1
8293 8295 1
8293 9871 1
8294 4147 1
8294 8295 1
8295 4549 1
8295 8292 1
8295 8293 1
8299 8296 1
8300 8301 1
8301 299 1
8302 3273 1
8305 8303 1
8306 8307 1
8310 5344 1
8310 8295 1
8310 9042 2
8311 723 1
8315 7794 6
8315 8314 1
8315 9101 2
8315 9670 1
8317 3145 1
8320 8318 1
8320 8319 1
8322 8828 2
8322 8829 1
8323 1550 2
8323 8325 1
8327 8328 1
8329 3084 1
8329 10387 1
8331 3758 1
8332 3084 1
8333 7591 1
8333 9385 1
8335 9636 1
8335 11323 1
8337 2172 1
8338 8337 1
8339 4372 1
8339 4373 1
8340 8341 1
8343 3927 1
8343 7850 4
8344 243 1
8345 243 1
8345 1527 1
8345 8346 1
8345 8347 1
8345 8348 1
8346 8348 1
8348 8345 1
8348 8350 1
8349 2265 1
8349 8346 1
8350 8344 1
8350 8345 1
8350 8348 1
8351 1441 1
8353 8354 1
8354 8353 1
8355 8833 1
8360 8889 2
8360 9189 1
8361 218 1
8362 4681 1
8362 8361 1
8366 8743 1
8366 9774 1
8367 8366 1
8369 8181 1
8372 8370 1
8373 1738 1
8373 3639 1
8376 8378 1
8376 9771 1
8377 8379 1
8379 8375 1
8379 8376 1
8380 581 1
8380 8381 1
8381 1300 1
8382 7774 1
8382 9164 1
8383 8384 1
8385 616 3
8385 7591 1
8385 8387 1
8385 9384 1
8386 8387 1
8388 243 1
8389 243 1
8390 2548 2
8391 2548 2
8391 8648 2
8392 2548 2
8392 7794 1
8392 9132 1
8392 9562 1
8392 9982 1
8395 8397 1
8395 8399 1
8397 8396 1
8398 8397 1
8399 8397 1
8399 8398 1
8401 627 1
8402 627 1
8403 7795 5
8403 8140 1
8403 9128 1
8404 865 1
8404 3184 1
8406 865 1
8408 242 1
8409 8407 1
8409 8408 1
8410 8409 1
8413 1312 1
8413 4102 1
8414 8165 1
8415 247 1
8416 8415 1
8419 7574 1
8420 9510 1
8422 7624 1
8422 10747 1
8422 10748 1
8428 8429 1
8430 983 1
8430 8428 1
8431 8432 1
8432 4256 1
8433 8431 1
8435 4503 1
8438 729 1
8438 8439 1
8439 9552 1
8444 8443 1
8445 8446 1
8449 8448 1
8456 8458 1
8459 3673 1
8459 8460 1
8461 208 1
8462 3673 1
8462 8460 1
8464 8466 2
8464 9944 1
8464 9946 1
8464 9948 1
8465 4076 2
8465 7592 1
8465 9944 1
8466 4076 2
8466 8465 2
8467 4111 1
8467 8227 2
8467 8469 2
8468 8467 1
8469 8227 2
8469 8468 1
8469 9983 1
8469 10684 1
8470 865 1
8470 3184 1
8471 4434 1
8475 9319 1
8475 10782 1
8477 8475 1
8478 1287 1
8478 8479 1
8480 7895 2
8480 7896 1
8480 9941 1
8483 8484 1
8483 9101 1
8484 1465 1
8485 8042 1
8485 8484 1
8487 8491 1
8487 8494 1
8488 44 1
8488 7535 1
8488 8489 1
8488 8494 1
8488 9942 1
8489 8493 1
8490 8487 1
8491 7535 1
8491 8487 1
8491 8493 1
8491 8494 1
8492 8490 1
8493 8487 1
8493 8492 1
8494 8492 1
8496 10150 1
8496 10151 1
8501 8888 1
8507 3069 1
8507 8509 1
8508 3069 1
8508 8507 1
8510 3069 1
8510 8505 1
8512 1848 1
8516 7797 2
8517 5199 1
8518 3562 1
8520 8521 1
8522 8756 1
8524 8525 1
8527 7795 1
8531 8529 1
8531 8530 1
8534 8537 1
8538 7797 1
8540 3602 1
8541 588 1
8545 1388 1
8547 8545 1
8551 2855 1
8551 10151 1
8557 7795 2
8558 495 1
8558 8561 1
8559 495 1
8560 8561 1
8561 495 1
8561 8559 1
8562 495 1
8564 5434 1
8566 6993 1
8567 8521 1
8572 297 1
8572 299 7
8572 552 2
8572 8366 1
8572 9775 1
8573 9109 1
8574 8616 1
8576 7104 1
8577 3209 1
8578 9489 1
8579 495 1
8582 8580 1
8582 8581 1
8583 8585 2
8583 11139 1
8585 44 1
8585 8584 1
8585 8699 1
8586 1550 1
8587 8044 1
8588 8586 1
8589 3719 1
8590 1015 1
8590 3719 1
8590 7810 1
8592 8593 1
8592 8594 1
8596 8602 1
8596 9381 1
8598 8597 1
8599 8602 1
8600 8598 1
8600 8602 1
8601 8599 1
8603 10751 1
8603 10757 1
8604 8605 1
8605 8604 1
8606 8604 1
8608 8609 1
8609 8608 1
8613 2059 1
8614 11000 1
8615 8618 1
8615 8619 1
8616 8617 1
8616 9598 1
8617 8619 1
8619 8618 1
8620 2797 1
8620 7518 3
8622 2071 1
8622 8620 1
8622 10443 1
8623 3844 1
8625 8624 1
8627 3085 1
8629 8632 1
8629 9674 1
8629 9675 1
8629 9900 2
8629 10712 1
8630 8629 1
8630 8633 1
8631 8630 1
8632 8631 1
8633 8629 1
8633 8631 1
8634 8635 2
8636 8637 1
8637 8636 1
8638 8637 1
8639 8642 1
8641 8639 1
8642 7586 1
8643 597 1
8643 7856 1
8643 8644 1
8643 9421 1
8647 4619 1
8647 9228 1
8647 11273 1
8648 8650 2
8649 8391 1
8649 8648 1
8650 8649 1
8651 9043 1
8652 7624 1
8653 718 2
8656 4922 1
8658 9635 1
8661 7927 1
8662 2189 2
8662 7927 1
8662 8660 1
8662 11111 1
8662 11112 1
8664 5434 1
8668 689 1
8669 8670 1
8670 1022 1
8670 4680 2
8674 4008 1
8674 8042 1
8675 2264 1
8675 8042 2
8676 6416 1
8678 215 1
8680 4102 1
8680 5096 1
8681 8682 1
8683 8682 1
8683 8869 1
8684 813 1
8684 8959 1
8685 8686 1
8685 8689 1
8685 8691 1
8686 8690 2
8686 8691 1
8687 1550 1
8687 8688 1
8687 8733 1
8689 1033 2
8690 1033 3
8690 1550 6
8690 8686 2
8690 9427 1
8690 10613 1
8690 10616 1
8691 8690 3
8691 10614 1
8691 10615 1
8693 8694 1
8693 9632 1
8694 8693 1
8695 9646 1
8697 8585 1
8697 8699 1
8699 7627 1
8699 8698 1
8701 7596 1
8701 8702 1
8703 8706 1
8703 8707 1
8704 8703 1
8705 8704 1
8707 8706 1
8709 1010 1
8711 8712 1
8711 8714 1
8712 2364 1
8712 8714 1
8713 2364 1
8713 8711 1
8714 2364 1
8714 8710 1
8716 8297 2
8717 8297 1
8717 8718 1
8718 8716 1
8719 1039 1
8721 1550 3
8721 8234 1
8721 8244 1
8722 8234 1
8722 8244 1
8722 8245 1
8722 8691 1
8722 10612 1
8722 10613 1
8722 10618 1
8722 10619 1
8725 3616 2
8727 8729 1
8728 8727 1
8730 8727 1
8731 718 1
8731 8687 1
8732 718 1
8735 9466 1
8736 7722 1
8737 647 3
8737 7850 1
8737 11237 1
8738 8343 1
8738 8737 1
8739 8740 1
8742 8461 1
8743 11163 1
8745 8746 1
8746 299 1
8746 8745 1
8746 8747 1
8747 8745 1
8749 9981 1
8751 3751 1
8753 8621 1
8753 8754 1
8755 1062 1
8755 8756 2
8755 10443 1
8756 5547 1
8756 7794 1
8756 8755 2
8756 9645 1
8756 10586 1
8757 8758 1
8758 3537 1
8758 8757 1
8759 3210 3
8759 7570 1
8760 8885 1
8766 8765 1
8769 8767 1
8769 8768 1
8769 8770 1
8770 8771 1
8771 8769 1
8772 8769 1
8773 520 1
8773 10282 1
8774 5388 1
8775 8774 1
8776 8775 1
8776 8777 1
8778 299 3
8778 1032 1
8778 8781 2
8778 8782 1
8778 10353 1
8779 552 1
8779 3071 1
8780 59 1
8780 1032 1
8780 2248 1
8780 8781 2
8780 10353 1
8781 552 1
8781 1032 1
8781 2248 1
8781 8778 2
8781 8779 2
8781 8784 2
8782 59 1
8782 299 1
8783 2248 1
8783 8780 1
8783 8782 1
8783 8784 1
8784 8780 3
8784 8781 2
8784 8782 1
8785 5140 1
8786 8787 1
8786 8788 1
8786 8789 2
8788 8786 1
8789 8787 1
8793 729 1
8793 8795 2
8794 729 1
8795 3639 1
8795 8793 2
8799 734 1
8802 9237 1
8804 705 1
8805 583 1
8806 8813 1
8807 8808 1
8807 8810 1
8807 8812 1
8807 8814 1
8808 8806 1
8808 8809 2
8808 8810 1
8808 8814 1
8808 10435 1
8808 10437 1
8809 8812 1
8809 10435 1
8810 8806 1
8810 8811 1
8810 8812 1
8811 8814 1
8811 10438 1
8813 8808 1
8817 3598 1
8817 6311 1
8818 3977 1
8819 174 1
8820 8348 1
8821 3900 1
8828 8829 1
8830 8204 1
8831 8832 1
8833 8253 1
8834 8836 1
8836 8835 1
8838 275 2
8838 8839 1
8839 8838 1
8839 8840 1
8841 8843 1
8842 8841 1
8845 8844 1
8853 9013 1
8854 593 2
8855 3274 1
8858 1617 2
8869 10302 1
8870 8872 1
8871 8872 1
8873 4177 1
8873 8874 1
8874 8873 1
8876 1357 1
8877 8960 1
8877 10248 1
8878 729 4
8879 1096 1
8879 1108 1
8880 1096 1
8880 1108 1
8880 8881 1
8884 4731 1
8885 8887 1
8886 10589 1
8887 297 1
8887 8968 1
8889 1929 1
8889 3258 1
8889 8551 1
8889 8890 2
8889 9392 1
8889 9640 2
8889 10150 1
8889 10151 1
8890 2857 2
8891 2857 1
8891 8042 1
8891 8890 1
8892 8894 1
8893 8892 1
8893 8894 1
8894 4855 1
8895 616 1
8896 6861 4
8896 7850 1
8898 8896 1
8899 8900 1
8901 6751 1
8901 8902 1
8902 10884 1
8903 8902 1
8905 44 1
8905 8279 2
8906 44 1
8906 8905 2
8907 1108 1
8907 6408 1
8907 9906 1
8908 8910 1
8909 8505 1
8909 8910 1
8909 10576 1
8910 8505 1
8911 1041 1
8912 7705 1
8913 8914 1
8918 8919 1
8919 7843 1
8919 7847 1
8920 8227 1
8921 8923 1
8922 4259 1
8922 8921 1
8923 8922 1
8923 9999 1
8927 8925 2
8929 8930 1
8932 8933 1
8935 1601 1
8936 8939 1
8936 8944 1
8938 8936 1
8938 8941 1
8940 8945 1
8941 8939 1
8941 8945 1
8942 8936 1
8942 8945 1
8943 8939 1
8944 8940 1
8944 8943 1
8945 8939 1
8945 8943 1
8946 9405 1
8946 9406 2
8947 4225 1
8947 7579 3
8947 9403 2
8947 9407 2
8948 8946 2
8950 4386 1
8950 8951 1
8951 426 1
8951 8949 1
8952 8953 1
8952 8954 1
8953 8952 1
8958 8959 1
8961 8877 1
8961 8960 1
8961 8962 1
8962 8963 1
8963 8960 1
8963 8962 1
8964 5051 1
8965 6651 3
8966 6651 2
8967 8130 3
8968 729 1
8969 729 1
8969 8970 1
8977 8978 1
8979 79 1
8979 8980 1
8980 8979 1
8981 251 1
8984 8982 1
8985 8986 1
8987 1987 1
8989 8990 1
8991 454 1
8992 8991 1
8997 8996 1
8998 8997 1
9001 9000 1
9004 9005 1
9004 9006 1
9005 2829 1
9009 9006 1
9012 9011 1
9014 1168 1
9015 9014 1
9015 9016 1
9016 1168 1
9016 9014 1
9017 243 1
9017 656 1
9017 10406 1
9019 9020 1
9019 9022 1
9020 2145 2
9020 9022 1
9021 2145 2
9021 9020 1
9022 2145 2
9022 9020 1
9023 273 3
9024 9678 1
9024 11296 1
9024 11297 1
9028 2230 1
9028 7289 1
9028 9029 1
9029 2252 1
9030 1899 1
9031 1150 1
9031 2857 1
9031 11187 1
9032 7963 1
9032 8909 1
9033 8965 1
9033 9038 1
9033 10377 1
9033 10915 1
9036 9038 1
9037 9033 1
9037 9038 1
9042 10716 1
9043 3680 1
9046 2857 2
9046 4549 1
9046 9031 1
9046 9048 1
9046 9640 1
9050 1017 1
9050 1550 1
9050 10919 1
9051 5575 1
9052 8413 1
9053 1580 1
9054 4340 1
9057 1957 1
9057 9058 1
9059 1921 1
9063 5238 1
9065 9066 1
9068 1112 1
9068 9069 2
9072 9073 1
9073 10144 1
9074 5321 1
9076 9074 1
9076 9079 1
9076 9080 1
9077 5321 1
9077 9076 1
9078 4222 1
9078 9074 1
9078 9080 1
9079 5321 1
9079 9082 1
9081 9075 1
9081 9078 1
9082 4222 1
9082 9074 1
9082 9077 1
9082 9081 1
9084 9085 1
9085 9084 1
9087 9089 1
9087 9090 1
9088 9089 1
9091 4074 2
9091 8365 1
9099 7518 1
9099 8522 1
9100 7794 2
9100 9101 1
9101 405 1
9101 7794 8
9101 8315 2
9101 9558 1
9101 10520 1
9101 11326 1
9101 11327 1
9102 4503 1
9107 2605 1
9107 9106 1
9109 8574 1
9110 9111 1
9111 7719 1
9111 9110 1
9111 9894 1
9115 8003 1
9117 59 1
9117 299 1
9118 9120 1
9119 10172 1
9120 9119 2
9120 10172 1
9127 4922 1
9127 7722 2
9127 9126 1
9128 8403 1
9128 9129 1
9130 7662 1
9132 8392 1
9132 9040 1
9132 9133 1
9133 9040 1
9136 9135 1
9137 9203 1
9137 9204 1
9137 9205 1
9139 9140 1
9145 1725 1
9148 9150 1
9150 6196 1
9152 9175 1
9153 4922 1
9153 6944 1
9156 7492 2
9156 9155 2
9158 3434 1
9159 8126 1
9162 9161 1
9163 495 1
9163 7774 1
9166 9167 1
9168 4240 1
9169 9171 1
9175 9176 1
9175 9715 1
9175 9716 1
9176 10683 1
9181 9182 1
9187 5545 1
9188 5545 1
9188 9187 1
9189 9190 1
9190 8360 1
9191 2720 1
9191 3210 1
9191 4228 1
9191 9192 1
9192 4735 1
9196 9198 1
9197 9196 1
9197 9198 1
9197 10840 1
9201 2163 1
9202 2163 1
9203 9137 1
9204 9137 1
9204 9203 1
9204 9205 1
9207 1108 2
9209 9210 1
9210 9209 1
9216 10655 1
9216 10657 1
9218 4208 2
9218 9219 2
9219 9218 2
9219 9220 3
9220 5344 1
9220 9219 3
9221 9024 1
9222 9221 1
9223 5215 1
9227 6665 1
9228 7702 1
9228 8042 1
9233 9232 1
9233 9234 1
9233 9235 1
9234 8498 1
9235 9234 1
9238 9239 1
9238 9241 1
9241 9238 1
9243 9242 1
9244 9246 1
9250 2439 1
9251 2439 1
9254 9253 1
9254 9256 1
9256 9254 1
9256 10257 1
9257 8082 1
9257 9259 1
9258 7629 1
9258 9259 1
9259 9263 1
9260 3210 1
9260 9257 1
9260 9258 1
9260 9261 1
9260 9263 1
9261 3210 2
9261 7555 1
9261 9260 1
9261 9262 1
9261 10551 1
9262 9257 1
9262 9258 1
9263 7555 1
9263 9259 1
9263 9261 2
9263 10551 1
9263 10552 1
9264 3113 1
9265 495 1
9265 10595 1
9265 10776 1
9265 11187 1
9266 495 1
9267 9268 1
9268 7039 1
9269 9270 1
9271 945 1
9271 9273 1
9272 9273 1
9272 11130 1
9273 9271 1
9275 9276 1
9276 9272 1
9276 9273 1
9278 1018 1
9281 9280 1
9282 1606 1
9285 9289 1
9286 7923 1
9286 9288 1
9286 9289 1
9288 9285 1
9288 9286 1
9288 9289 1
9291 9290 3
9292 1207 2
9292 9294 2
9293 9292 2
9294 1207 2
9294 9292 2
9294 9293 2
9297 9296 2
9298 9297 2
9299 10971 1
9303 676 2
9303 1410 2
9304 9305 1
9305 9304 1
9307 7518 1
9308 4565 1
9311 9310 1
9311 9312 1
9311 9313 1
9312 9310 1
9312 9311 1
9315 9316 1
9316 5199 2
9316 9315 1
9316 10412 1
9316 10420 2
9316 10423 2
9316 10424 1
9316 10427 2
9318 9315 1
9323 9324 1
9323 9327 1
9324 7624 1
9324 9327 1
9325 9326 1
9326 9323 1
9326 9324 1
9331 718 1
9332 1801 1
9334 9335 1
9335 9336 1
9336 9335 1
9339 9338 1
9339 9340 1
9339 9341 1
9340 9341 1
9341 9340 1
9343 8303 1
9345 9344 1
9345 9346 1
9347 9346 1
9348 241 1
9351 7940 1
9352 1534 1
9356 7873 1
9356 8053 2
9356 9358 1
9357 9356 1
9359 770 1
9360 9101 2
9360 9671 1
9362 8130 1
9363 2595 1
9367 2548 1
9367 9369 1
9368 616 1
9368 1077 1
9370 9369 2
9370 10957 1
9371 10263 1
9371 11214 1
9373 8526 1
9375 9376 1
9376 9375 1
9377 9375 1
9378 297 1
9378 4112 1
9378 5344 1
9380 8596 1
9381 8596 1
9381 8598 1
9381 9382 1
9384 7588 1
9384 7591 2
9384 8385 1
9384 9386 1
9385 7591 1
9385 8333 1
9385 9192 1
9385 9384 1
9385 9386 1
9386 7589 1
9389 2778 1
9389 8205 1
9389 9390 1
9391 8496 1
9391 8551 1
9391 8889 1
9391 10147 1
9391 10149 1
9391 10151 1
9392 2857 2
9392 9391 2
9392 10147 1
9392 10150 1
9392 10151 1
9394 9393 1
9395 3021 1
9398 9397 1
9403 9404 2
9403 9406 2
9403 9408 2
9403 9410 2
9404 9407 2
9405 3792 1
9405 9410 1
9406 9404 2
9406 9410 2
9407 8947 2
9407 9403 2
9407 9409 2
9407 9411 2
9408 8946 2
9408 9405 1
9408 9406 2
9409 1693 2
9409 8947 2
9409 9404 2
9409 9406 2
9409 9410 2
9410 3792 2
9410 8947 2
9410 9403 2
9411 7579 1
9412 9413 1
9415 10163 1
9416 9415 2
9418 9416 1
9419 3600 1
9421 7856 1
9421 8643 1
9422 11196 1
9424 9423 1
9426 251 2
9426 1398 1
9429 4712 1
9432 1039 1
9433 5545 1
9433 9434 1
9433 9887 1
9434 7466 1
9434 9433 1
9437 9271 1
9438 9437 1
9440 9443 1
9442 9443 1
9450 3525 1
9451 9453 1
9453 9451 1
9456 9828 1
9456 9831 1
9456 9991 1
9456 10382 1
9457 9458 1
9462 9463 1
9463 9462 1
9464 7722 1
9466 7722 1
9466 9465 1
9473 7978 1
9474 7590 1
9475 1840 1
9475 10118 1
9477 8897 1
9481 5996 1
9482 5996 1
9483 3562 1
9483 9484 1
9486 3562 1
9489 8690 1
9489 8691 1
9489 8722 1
9489 9125 1
9489 9488 1
9489 10057 1
9489 10525 1
9489 10617 1
9490 1388 1
9491 9490 1
9491 9492 1
9492 7938 1
9492 9490 1
9495 471 1
9495 8906 1
9498 7465 1
9498 11167 1
9499 1550 1
9499 9498 1
9503 9500 1
9505 9506 1
9506 9505 1
9511 9509 1
9511 9510 1
9514 9515 1
9515 9514 1
9517 9516 1
9519 9518 1
9521 9522 1
9523 9522 1
9529 9528 1
9530 9531 1
9535 9534 1
9535 9536 1
9544 1074 1
9544 3953 1
9545 9546 2
9546 10342 1
9558 405 1
9558 7794 2
9560 156 1
9561 856 1
9564 1312 1
9565 8413 1
9566 174 1
9569 4386 1
9578 2479 3
9578 9580 2
9579 9580 2
9580 9579 2
9580 9581 2
9581 2479 3
9581 9580 2
9583 7773 1
9583 7774 1
9583 9584 1
9584 7773 1
9584 9583 1
9585 9590 1
9585 9591 1
9585 9592 1
9586 9587 1
9586 9588 1
9586 9592 1
9587 9585 1
9587 9590 1
9587 9592 1
9590 9589 1
9590 9591 1
9590 9592 1
9592 9586 1
9592 9590 1
9596 8865 1
9597 8616 1
9597 9596 1
9597 9598 2
9597 9599 1
9598 8616 1
9599 9596 1
9600 9604 1
9602 9603 1
9603 9600 1
9604 9600 1
9605 9608 1
9606 9607 1
9607 9609 1
9610 9605 1
9610 9606 1
9612 136 1
9621 5434 1
9622 389 3
9628 8888 1
9629 6318 1
9629 8501 2
9629 9514 1
9630 5664 1
9630 9631 1
9631 6466 1
9633 10726 1
9635 8658 1
9636 8335 1
9638 992 1
9638 7827 1
9640 8360 2
9640 9031 1
9642 9644 1
9645 386 1
9645 10585 1
9647 9646 1
9648 9646 1
9649 9648 1
9651 9652 1
9652 5361 1
9655 760 1
9658 4506 1
9658 10542 1
9659 1617 1
9666 9664 1
9669 2242 1
9670 9101 2
9670 9672 1
9670 10881 1
9671 9101 1
9671 9672 1
9672 7794 1
9676 386 1
9676 10703 1
9676 10704 1
9676 10706 1
9676 10708 1
9676 10709 1
9681 1550 1
9681 9682 1
9682 8245 1
9682 9681 1
9682 9683 1
9682 9699 1
9683 8721 1
9690 9689 1
9691 4444 1
9695 8749 1
9698 9697 1
9699 1548 1
9699 8074 1
9699 9489 1
9699 10613 1
9699 10614 1
9699 10616 1
9700 9701 1
9702 4008 1
9703 8439 1
9703 9702 1
9707 9706 1
9707 9708 1
9709 9707 1
9712 2245 1
9713 4434 1
9713 9714 1
9716 9878 1
9716 10920 1
9717 571 1
9717 9718 1
9718 11206 1
9720 714 1
9721 8403 1
9722 3858 1
9723 6146 1
9723 9721 1
9723 9722 1
9724 1068 1
9724 1221 1
9725 8949 1
9725 9726 1
9729 9988 1
9731 2479 1
9731 9578 1
9731 9581 1
9733 9736 1
9734 9735 1
9734 9736 1
9735 9734 1
9735 9736 1
9738 1108 1
9739 8496 1
9739 11263 1
9740 2857 1
9744 7488 1
9748 3780 1
9748 5190 1
9748 9749 1
9748 9753 1
9748 9756 1
9749 9754 1
9750 9751 1
9751 129 1
9751 1243 1
9751 3780 1
9751 5190 1
9751 9750 1
9751 9752 1
9751 9753 1
9753 5190 1
9753 9752 1
9754 129 1
9754 1242 1
9754 9748 1
9754 9749 1
9755 129 1
9755 9752 1
9755 9760 1
9756 1242 1
9756 9748 1
9756 9753 1
9756 9754 1
9756 9757 1
9757 1243 1
9757 3780 1
9757 9752 1
9757 9760 1
9758 3780 1
9758 5190 1
9758 9751 1
9758 9754 1
9758 9756 1
9758 9757 1
9760 3780 1
9760 5190 1
9760 9755 1
9760 9756 1
9761 129 1
9761 9753 1
9761 9756 1
9761 9758 1
9761 9760 1
9762 452 1
9762 9763 1
9763 299 2
9763 10331 1
9763 10528 1
9764 9765 1
9767 11307 1
9773 297 1
9773 9775 1
9774 8366 1
9777 1108 1
9778 2373 1
9779 2373 1
9779 9778 1
9783 8968 1
9785 5384 1
9786 9784 1
9788 9789 1
9789 1074 1
9790 647 1
9792 9793 1
9795 718 1
9798 9797 1
9799 9796 1
9800 2323 1
9801 2929 1
9801 3793 1
9803 1888 1
9805 7794 1
9806 4756 1
9809 1617 1
9811 9810 1
9813 9811 1
9818 9820 1
9819 9817 1
9820 9819 1
9822 9823 1
9824 9821 1
9827 7967 2
9827 9400 1
9827 9997 1
9827 10563 1
9829 9456 1
9830 9829 1
9830 9831 1
9831 9456 1
9832 9829 1
9832 9831 1
9834 7 1
9834 1334 1
9834 3889 1
9834 4549 1
9834 9956 1
9834 10754 1
9834 10758 1
9834 10760 1
9834 10767 1
9834 10768 1
9834 10770 1
9834 10772 1
9834 10774 1
9836 2972 1
9840 5165 1
9840 9841 1
9841 9839 1
9841 9843 1
9842 4208 1
9842 5165 1
9842 9219 1
9843 4249 1
9843 9842 1
9847 9848 1
9850 449 1
9850 3420 1
9855 3373 1
9855 9856 1
9856 4886 1
9856 9857 1
9857 3373 1
9857 9856 1
9859 9860 1
9861 7796 1
9861 9860 1
9863 4249 1
9863 6673 1
9863 9864 1
9867 9866 1
9869 5748 1
9869 6155 1
9876 9877 1
9877 9876 1
9878 9877 1
9878 10921 1
9878 10922 1
9883 4619 1
9884 5434 1
9884 9885 1
9887 9433 1
9887 9890 1
9888 9433 1
9889 10106 1
9889 10107 1
9890 9433 1
9891 9888 1
9892 9889 1
9893 9111 2
9893 9895 1
9894 9893 1
9894 9895 1
9896 10661 1
9897 59 2
9898 9897 1
9900 9899 1
9900 10447 1
9903 4108 1
9904 9903 1
9905 3293 1
9908 3085 1
9909 9910 1
9911 2011 1
9912 2011 1
9915 769 1
9915 7710 1
9916 9915 3
9919 9923 1
9920 9922 1
9921 9920 1
9921 9924 1
9922 9920 1
9923 9920 1
9924 9919 1
9924 9920 1
9924 9925 1
9925 422 1
9925 9920 1
9931 9934 1
9933 9934 1
9936 9935 1
9937 9126 1
9938 7722 1
9940 76 1
9941 1866 1
9941 7895 1
9942 8488 1
9943 3420 1
9944 7592 1
9944 8464 1
9944 8465 1
9944 9948 1
9945 8464 1
9946 7592 1
9946 9945 1
9947 9944 1
9947 9946 1
9948 9946 1
9952 3017 1
9952 9955 1
9953 3017 1
9954 9950 1
9955 9954 1
9957 9956 1
9959 4111 1
9961 11044 1
9962 1074 1
9970 8252 1
9971 5361 1
9975 7731 1
9978 9977 1
9983 8467 1
9985 8127 1
9985 8156 1
9986 8126 1
9989 4673 1
9991 9459 1
9991 9992 1
9994 7961 1
9994 9993 1
9995 9996 1
9997 976 1
10000 9998 1
10001 10002 1
10003 9834 1
10003 10001 1
10009 7797 1
10010 8982 1
10012 2240 1
10015 10014 1
10015 10019 1
10015 10022 1
10016 1728 1
10016 10017 1
10016 10026 1
10017 2025 1
10017 10022 1
10017 10025 1
10018 2025 1
10018 10015 1
10018 10021 1
10018 10024 1
10019 2025 1
10019 10021 1
10019 10023 1
10019 10024 1
10020 10021 1
10020 10022 1
10020 10023 1
10021 10015 1
10021 10025 1
10022 10016 1
10022 10023 1
10022 10026 1
10023 10018 1
10023 10027 1
10024 10018 1
10025 10027 1
10026 2025 1
10026 10015 1
10026 10016 1
10026 10021 1
10026 10022 1
10026 10024 1
10026 10027 1
10027 10025 1
10027 10026 1
10029 10028 1
10032 1411 1
10032 10033 1
10036 10038 1
10037 10038 1
10039 10041 1
10040 10039 1
10041 10039 1
10043 10042 1
10045 1957 1
10046 10047 1
10048 10046 1
10053 10055 1
10054 7836 1
10054 10052 1
10054 10056 1
10055 10053 1
10055 10056 1
10057 8691 1
10057 9699 1
10057 10613 1
10057 11099 1
10058 10059 2
10058 11310 1
10059 10060 1
10059 11309 1
10059 11310 1
10060 10058 1
10061 10058 1
10061 10059 1
10062 10063 1
10063 4157 1
10064 4157 1
10065 4072 1
10066 275 3
10067 10068 1
10070 1034 1
10070 10069 1
10072 136 1
10072 10073 1
10074 9431 1
10076 10078 1
10078 10076 1
10079 10078 1
10080 23 1
10081 772 1
10083 5344 1
10086 10090 1
10086 10994 1
10089 10088 1
10090 10085 1
10094 10093 1
10096 10098 1
10097 1074 1
10097 10096 1
10098 1074 1
10099 10100 1
10102 4373 1
10102 6827 1
10106 10108 1
10107 3590 1
10107 9889 1
10107 10106 1
10109 2720 1
10109 10111 1
10110 2720 1
10111 10109 1
10111 10110 1
10112 4249 1
10112 4922 1
10115 10114 1
10116 44 1
10118 10236 1
10120 2223 1
10120 9475 1
10121 9475 1
10121 10120 1
10123 10122 1
10124 8076 3
10125 520 1
10126 1866 1
10128 10129 1
10131 3562 1
10131 10130 1
10135 7154 2
10135 10466 1
10136 4396 1
10136 7154 3
10137 10465 1
10137 10918 1
10138 2998 1
10138 3450 1
10139 5048 1
10140 8435 1
10140 10141 1
10143 7772 1
10143 10144 1
10145 10142 1
10147 1929 1
10147 8496 1
10147 8890 1
10148 1929 1
10148 2857 1
10148 8496 1
10148 9392 1
10148 10149 1
10148 10150 1
10148 10151 1
10149 2857 1
10150 8496 1
10151 8496 1
10151 8889 1
10151 10149 1
10152 10153 1
10152 10155 1
10153 10157 1
10154 10156 1
10154 10157 1
10155 10153 1
10161 1530 1
10161 1738 1
10163 8884 2
10166 3667 1
10166 7941 1
10166 10167 1
10167 7941 1
10167 10166 1
10167 10168 1
10168 3667 1
10169 76 1
10171 9119 1
10176 10177 1
10178 8417 1
10184 10185 1
10184 10186 1
10185 5344 1
10185 9378 1
10187 10189 1
10188 10191 1
10189 10188 1
10189 10190 1
10192 2246 1
10193 10194 1
10194 8925 1
10196 8925 1
10200 8091 1
10202 10201 1
10203 1339 1
10203 10204 1
10206 6217 1
10206 10949 2
10206 11164 1
10207 20 1
10207 10208 1
10210 10211 2
10211 10210 2
10211 11025 1
10213 7940 1
10214 1620 1
10214 10216 1
10216 10214 1
10216 10215 1
10217 10214 1
10222 8392 1
10223 8392 1
10226 7505 1
10226 11270 1
10226 11271 1
10227 790 1
10227 8244 1
10229 9669 1
10230 8893 1
10230 10231 1
10232 10233 2
10232 10235 2
10233 10234 2
10233 10246 1
10235 10232 2
10236 2223 1
10237 10238 1
10238 10236 1
10239 243 1
10239 10240 1
10239 10558 1
10242 10243 1
10243 10242 1
10243 10244 1
10249 8384 1
10250 8384 1
10251 11216 1
10252 10251 1
10253 10254 1
10254 10253 1
10255 6495 1
10256 3642 1
10258 10257 1
10259 8478 1
10259 10262 1
10260 8478 1
10260 10261 1
10261 10262 1
10262 10259 1
10262 10261 1
10263 11214 1
10265 7624 1
10266 10265 1
10273 1693 1
10274 3562 1
10275 44 1
10277 520 1
10277 8773 1
10277 10280 1
10277 10281 1
10277 10283 1
10278 10279 1
10278 10284 1
10279 10285 1
10281 10285 1
10282 10277 1
10282 10278 1
10282 10281 1
10282 10284 1
10283 520 1
10283 10284 1
10284 8773 1
10285 10279 1
10285 10281 1
10287 809 1
10290 45 1
10290 1948 1
10291 1948 1
10293 10295 1
10294 10295 1
10295 10293 1
10295 10294 1
10298 10299 1
10301 8869 1
10305 10304 1
10308 10306 1
10309 299 1
10311 7624 1
10313 2591 1
10314 8403 1
10317 9449 1
10318 10319 1
10318 10320 1
10319 597 1
10319 7856 1
10320 597 2
10320 7667 1
10320 7856 3
10322 8029 1
10322 8031 1
10323 8031 1
10326 10327 1
10331 299 1
10331 10330 1
10332 5051 1
10333 10334 1
10334 10333 1
10339 10338 1
10345 10346 1
10346 10345 1
10348 4712 1
10351 10349 1
10353 8778 1
10355 10356 1
10355 10357 1
10357 7544 1
10361 1378 1
10361 3223 2
10362 3223 1
10362 3562 1
10362 7689 1
10362 8603 2
10362 10744 2
10362 10755 1
10362 10758 1
10362 10766 1
10362 10767 1
10362 10771 1
10362 10773 1
10363 3223 1
10363 10361 1
10365 10364 1
10372 2189 1
10372 10374 1
10373 2189 1
10373 10375 2
10373 11111 1
10374 10375 1
10375 2189 1
10375 10373 2
10376 4373 1
10377 4372 1
10377 10376 1
10377 10915 1
10379 7795 1
10379 10380 1
10380 10379 1
10383 10381 1
10383 10382 1
10385 10386 1
10389 2719 1
10390 10391 1
10391 2719 1
10391 10390 1
10392 11272 1
10393 8091 1
10397 118 1
10397 2736 1
10398 4003 1
10398 10399 1
10404 8443 1
10406 9017 1
10407 9017 1
10408 834 1
10409 10419 1
10409 10420 1
10409 10425 1
10410 10418 2
10410 10421 2
10410 10424 1
10410 10428 2
10411 5199 2
10411 10410 2
10411 10418 2
10411 10419 1
10411 10422 2
10411 10423 2
10411 10424 1
10412 9316 1
10412 10413 1
10412 10417 1
10412 10420 1
10412 10422 1
10412 10426 1
10413 10415 1
10413 10422 1
10413 10426 1
10413 10428 1
10414 10411 1
10414 10413 1
10414 10423 1
10414 10424 1
10414 10425 1
10414 10426 1
10414 10428 1
10415 5199 1
10415 9316 1
10415 10410 1
10415 10418 1
10415 10428 1
10416 9316 1
10416 10420 1
10416 10421 1
10416 10429 1
10417 5199 2
10417 10412 1
10417 10415 1
10417 10418 2
10417 10427 2
10417 11077 1
10418 10413 1
10418 10415 1
10418 10420 2
10418 10426 1
10419 10409 1
10419 10412 1
10419 10413 1
10419 10416 1
10419 10428 1
10420 5199 2
10420 6971 1
10420 10409 1
10420 10418 2
10420 10426 1
10421 10414 1
10421 10417 2
10422 10411 2
10422 10416 1
10422 10426 1
10422 11077 1
10422 11078 1
10423 10412 1
10423 10420 2
10423 10421 2
10423 10422 2
10423 10425 1
10423 10427 2
10423 11077 1
10424 9316 1
10424 10413 1
10424 10415 1
10424 10421 1
10424 10423 1
10424 10425 1
10425 10413 1
10425 10428 1
10426 5199 1
10426 10409 1
10426 10410 1
10426 10420 1
10426 10422 1
10426 10423 1
10426 10424 1
10426 10428 1
10427 10410 2
10427 10413 1
10427 10415 1
10427 10422 2
10427 11077 1
10428 10413 1
10428 10422 2
10428 10425 1
10428 10427 2
10428 11076 1
10429 6971 1
10429 9316 2
10429 10409 1
10429 10415 1
10429 10417 2
10431 10430 1
10432 10430 1
10433 9962 1
10433 10430 1
10436 8808 1
10436 10435 1
10437 8808 1
10439 10440 1
10443 8756 1
10445 1848 1
10447 9900 1
10447 10448 1
10447 10450 1
10448 10447 1
10449 10447 1
10450 10447 1
10454 8614 1
10455 149 1
10455 3210 1
10456 3210 1
10457 3639 2
10457 4249 1
10457 10458 2
10458 3639 2
10459 2011 2
10459 4249 1
10460 7850 1
10461 10460 1
10464 427 1
10465 10135 1
10465 10137 1
10465 10466 1
10466 10465 1
10467 770 1
10468 1693 1
10468 3562 1
10468 8076 1
10470 10469 1
10470 10859 1
10470 10860 1
10471 10472 1
10472 10471 1
10474 8006 1
10481 8091 1
10485 10484 1
10486 351 1
10486 10483 1
10486 10485 1
10487 136 1
10488 136 1
10488 2827 1
10491 4602 1
10492 787 1
10492 5344 1
10492 10493 1
10492 10495 1
10492 10496 1
10493 787 1
10493 10492 1
10493 10495 1
10493 10496 1
10494 10497 1
10495 10497 1
10496 10492 1
10505 10507 1
10507 7093 1
10508 10505 1
10508 10506 1
10510 1534 1
10510 3015 1
10511 1629 1
10512 4267 1
10513 647 1
10517 10516 1
10520 5795 1
10520 8315 1
10523 1550 1
10524 1550 1
10524 10523 1
10525 1033 1
10525 8722 1
10525 9682 1
10525 10613 1
10525 10616 1
10527 4280 1
10528 11163 1
10529 8793 1
10531 2516 1
10531 10533 1
10531 10535 1
10531 10536 1
10532 2516 1
10532 10535 1
10533 10536 1
10535 2258 1
10535 10533 1
10535 10534 1
10536 10531 1
10537 984 1
10539 7624 1
10539 10541 1
10540 10538 1
10541 9324 1
10541 10539 1
10541 10540 1
10542 10543 1
10546 10545 1
10546 10547 1
10547 10546 1
10549 7795 1
10549 8556 1
10551 4505 1
10551 7555 1
10551 9263 1
10552 7555 1
10552 9263 1
10556 10554 1
10557 8102 1
10561 4207 1
10561 7104 2
10563 9827 1
10565 1356 3
10566 9893 1
10567 9111 1
10567 10568 1
10569 4946 1
10572 10571 1
10573 9908 1
10577 3052 1
10578 3895 1
10580 3891 1
10585 8756 1
10587 5547 1
10587 10585 1
10587 10586 1
10590 3048 1
10592 10595 1
10592 10596 1
10593 9265 1
10593 10597 1
10595 9265 1
10595 10592 1
10595 10593 2
10595 10776 1
10597 10592 1
10601 7820 1
10606 10605 1
10609 10611 1
10611 10610 1
10612 10613 1
10612 10614 1
10613 5388 1
10613 8722 1
10613 10619 1
10614 8244 1
10614 10525 1
10614 10615 1
10614 10616 1
10614 10617 1
10615 10616 1
10615 10619 1
10616 8722 1
10616 9682 1
10616 10614 1
10617 1033 1
10617 5388 1
10617 8244 1
10617 8245 1
10617 10612 1
10617 10613 1
10617 10614 1
10617 10616 1
10618 1033 1
10618 5388 1
10618 8072 1
10618 10304 1
10619 5388 1
10619 8690 1
10619 8691 1
10619 10614 1
10619 10617 1
10624 10625 1
10630 10253 1
10633 10637 1
10634 10635 1
10643 647 1
10647 4102 1
10648 1550 1
10654 9720 1
10657 10655 1
10657 10656 1
10661 729 1
10663 4075 1
10664 4075 1
10666 8526 1
10670 10672 1
10672 3239 1
10674 9415 1
10676 1617 1
10677 10678 1
10678 10676 1
10679 6993 1
10680 8461 1
10681 9176 1
10684 4704 1
10684 8469 1
10687 10688 1
10689 499 1
10693 10694 1
10694 1693 1
10695 1172 1
10696 10700 1
10697 10696 2
10697 10698 1
10697 10700 1
10698 10699 1
10701 729 1
10702 1378 1
10703 9676 1
10703 10708 1
10703 10711 1
10704 10709 1
10705 10707 1
10706 9676 1
10706 10704 1
10706 10705 1
10706 10707 1
10706 10710 1
10707 386 1
10707 9645 1
10708 10703 1
10708 10705 1
10709 10705 1
10710 386 1
10711 386 1
10711 10706 1
10711 10709 1
10712 9900 1
10715 1553 1
10723 3130 1
10727 1534 1
10728 10726 1
10730 7836 1
10731 9805 1
10733 59 1
10733 551 1
10735 10028 2
10736 118 2
10736 10028 2
10737 10739 1
10737 10741 1
10738 10737 1
10738 10739 1
10740 10737 1
10740 10738 1
10741 10739 1
10742 10743 1
10743 5748 1
10744 1334 1
10744 3562 1
10744 10752 1
10744 10758 1
10744 10761 1
10744 10763 1
10744 10770 1
10748 10747 1
10749 10748 1
10749 10750 1
10750 10747 1
10751 7 1
10751 10755 1
10751 10763 1
10751 10767 1
10751 10771 1
10751 10773 1
10752 10362 1
10752 10760 1
10752 10762 1
10752 10769 1
10752 10772 1
10753 7 1
10753 10771 1
10753 10772 1
10754 1378 1
10754 10751 1
10754 10758 1
10754 10765 1
10754 10766 1
10755 3562 1
10755 9834 1
10755 10362 1
10755 10756 1
10755 10758 1
10755 10760 1
10755 10767 1
10755 10770 1
10755 10773 1
10755 10774 1
10756 8603 1
10756 10362 1
10756 10744 1
10756 10752 1
10756 10757 1
10756 10765 1
10756 10766 1
10756 10769 1
10756 10770 1
10756 10773 1
10756 10774 1
10757 7 1
10757 10362 1
10757 10753 1
10757 10759 1
10757 10773 1
10758 7 1
10758 1334 1
10758 10752 1
10758 10759 1
10758 10760 1
10758 10765 1
10758 10769 1
10759 1378 1
10759 7689 1
10759 10752 1
10759 10753 1
10759 10757 1
10760 1334 1
10760 3562 1
10760 10753 1
10760 10757 1
10760 10758 1
10760 10764 1
10760 10766 1
10760 10769 1
10761 1607 1
10761 10362 1
10761 10744 1
10761 10753 1
10761 10754 1
10761 10755 1
10761 10762 1
10761 10765 1
10761 10770 1
10762 1334 1
10762 7689 1
10762 10754 1
10762 10758 1
10762 10771 1
10763 7 1
10763 3562 1
10763 10756 1
10763 10760 1
10763 10764 1
10763 10769 1
10763 10770 1
10763 10774 1
10764 1378 1
10764 7689 1
10764 10744 1
10764 10759 1
10764 10762 1
10765 9834 1
10765 10744 1
10765 10754 1
10765 10758 1
10765 10761 1
10765 10768 1
10766 7 1
10766 1607 1
10766 8603 1
10766 10752 1
10766 10760 1
10766 10767 1
10767 3562 1
10767 8603 1
10767 10362 1
10767 10744 1
10767 10754 1
10767 10755 1
10767 10769 1
10767 10773 1
10768 1607 1
10768 8603 1
10768 10757 1
10768 10762 1
10768 10771 1
10769 8603 1
10769 10754 1
10769 10762 1
10769 10766 1
10769 10768 1
10769 10770 1
10769 10772 1
10770 7 1
10770 1607 1
10770 10754 1
10770 10757 1
10770 10758 1
10770 10765 1
10770 10768 1
10770 10771 1
10771 1334 1
10771 10765 1
10771 10767 1
10771 10770 1
10771 10774 1
10772 1607 1
10772 10754 1
10772 10755 1
10772 10756 1
10772 10758 1
10772 10764 1
10772 10770 1
10772 10773 1
10773 7 1
10773 3562 1
10773 10759 1
10774 1607 1
10774 3562 1
10774 10744 1
10774 10753 1
10774 10758 1
10774 10766 1
10774 10768 1
10774 10769 1
10774 10773 1
10775 7505 1
10776 10775 1
10776 10778 1
10777 10226 1
10777 10778 1
10777 10779 1
10778 4208 1
10778 7505 1
10778 10779 1
10779 10775 1
10779 10776 1
10783 10784 1
10787 10788 1
10788 10787 1
10789 10791 1
10790 5483 1
10791 5483 1
10792 10794 1
10794 10793 1
10795 11065 1
10796 10659 1
10800 10799 1
10803 7543 1
10805 10804 1
10806 9713 1
10808 299 1
10808 8572 1
10809 298 1
10809 8572 1
10810 3741 1
10816 10817 1
10819 4080 1
10821 10822 1
10821 10825 1
10822 10823 1
10822 10825 1
10823 10821 1
10823 10825 1
10823 10826 1
10823 10827 1
10824 10825 1
10824 10826 1
10825 10826 1
10826 10828 1
10827 10823 1
10827 10828 1
10828 10824 1
10828 10827 1
10832 1550 1
10833 8232 1
10833 10834 1
10836 10838 1
10839 10841 1
10840 9197 1
10841 10840 1
10842 1074 1
10843 1620 1
10843 4249 1
10844 10845 1
10845 10844 1
10845 10846 1
10846 10844 1
10848 10850 1
10849 10848 1
10852 10851 1
10853 5187 1
10853 10854 1
10854 5096 1
10855 9720 1
10856 2370 1
10857 2370 1
10859 10860 1
10860 10470 1
10861 2045 1
10865 10866 1
10866 7583 1
10866 10865 1
10867 4396 1
10867 5017 1
10874 10875 1
10876 10875 1
10879 7708 1
10880 2842 1
10882 4249 1
10883 8756 1
10885 10886 1
10885 10887 1
10885 10889 1
10886 10885 1
10887 10886 1
10891 10890 1
10892 259 1
10898 10042 1
10898 10361 1
10906 7465 1
10906 11165 1
10906 11166 1
10908 10907 1
10912 407 1
10916 488 1
10918 10137 1
10919 1017 1
10920 10925 1
10921 9716 1
10922 10920 1
10922 10924 1
10923 9716 1
10923 10922 1
10924 10922 1
10925 10923 1
10926 8110 1
10927 7624 2
10927 7860 1
10928 7624 1
10928 10927 1
10929 7860 1
10930 10929 1
10931 108 1
10931 3106 1
10934 8662 1
10935 10934 1
10938 5199 1
10939 570 1
10942 5500 1
10942 10179 1
10944 7233 1
10944 10945 1
10947 10948 1
10948 10946 1
10950 1584 1
10950 10951 1
10951 1249 1
10951 1584 1
10953 7528 1
10954 172 1
10954 2172 1
10959 10960 1
10960 10959 1
10961 3290 1
10964 10963 1
10965 10964 1
10966 10967 1
10967 10968 1
10968 10967 1
10970 3723 1
10977 5434 1
10977 6269 1
10978 10980 1
10979 8857 1
10980 8857 1
10980 10978 1
10981 10978 1
10982 10985 1
10982 10987 1
10983 3017 1
10983 10985 1
10983 10990 1
10984 10982 1
10984 10986 1
10984 10989 1
10985 10988 1
10986 10983 1
10987 3017 1
10987 10985 1
10988 10983 1
10989 10987 1
10989 10990 1
10991 814 1
10994 10086 1
11001 8614 1
11004 11003 1
11007 9207 1
11011 11013 1
11012 3866 1
11013 7403 1
11013 11011 1
11015 11019 1
11016 11015 1
11016 11018 1
11017 11015 1
11018 6979 1
11022 5096 1
11023 727 1
11024 10209 1
11024 10211 1
11025 10209 1
11026 6208 1
11028 15 1
11028 11027 1
11032 11029 1
11035 4855 1
11036 11037 1
11037 11038 1
11038 11037 1
11039 11040 1
11040 11038 1
11042 9961 1
11042 11043 1
11043 8301 1
11043 9961 1
11045 1952 1
11053 11054 1
11053 11055 1
11054 11055 1
11055 11053 1
11057 11056 1
11058 11056 1
11060 10795 1
11061 11066 1
11061 11067 1
11061 11068 1
11062 11061 1
11063 11060 1
11063 11061 1
11064 11062 1
11064 11066 1
11064 11067 1
11065 11067 1
11066 10795 1
11066 11065 1
11066 11067 1
11066 11068 1
11067 11061 1
11067 11063 1
11067 11066 1
11068 11060 1
11071 24 1
11071 11072 1
11072 24 1
11072 11071 1
11073 305 1
11073 11072 1
11074 454 1
11076 10429 1
11077 10417 1
11077 10420 1
11077 10422 1
11077 10428 1
11078 6971 1
11078 10420 1
11078 10421 1
11078 10428 1
11078 11076 1
11078 11080 1
11079 10417 1
11080 6971 1
11080 10411 1
11080 10417 1
11080 10418 1
11080 10422 1
11080 10427 1
11080 10428 1
11081 1550 1
11086 3722 1
11089 11088 1
11090 4493 1
11091 11092 1
11093 11091 1
11093 11092 1
11096 11095 1
11100 11101 1
11103 647 1
11103 1108 1
11104 8204 1
11106 11105 1
11111 4706 1
11112 4706 1
11113 11115 1
11114 11113 1
11115 11114 1
11115 11117 1
11116 11113 1
11117 11115 1
11119 11120 1
11121 11122 1
11124 1889 1
11125 7408 1
11128 561 1
11129 11131 1
11131 6993 1
11132 10593 1
11132 10595 1
11135 7928 1
11136 6761 1
11136 7836 1
11137 729 1
11139 8583 1
11139 8585 1
11139 11138 1
11142 9571 1
11144 1954 1
11146 946 1
11147 1550 1
11147 8244 1
11148 4853 1
11149 450 1
11150 426 1
11154 8581 1
11154 11210 1
11160 11158 1
11162 1973 1
11163 452 1
11163 8743 1
11164 10690 1
11164 10906 1
11164 11165 1
11164 11167 1
11165 6217 1
11165 7465 1
11165 10690 1
11165 11166 1
11165 11168 1
11166 10206 1
11166 10906 1
11167 10906 1
11168 1550 1
11168 9498 1
11170 11172 1
11173 11171 1
11176 11178 1
11177 11176 1
11177 11179 1
11178 4208 1
11179 5511 1
11179 11177 1
11180 1901 1
11182 8213 1
11183 9265 1
11183 11185 1
11185 9265 1
11186 11183 1
11187 11185 1
11189 11188 1
11191 11192 1
11192 208 1
11192 11189 1
11192 11190 1
11195 11193 1
11201 351 1
11201 11202 1
11202 351 1
11202 11200 1
11204 11200 1
11204 11201 1
11204 11203 1
11205 11281 1
11207 11208 1
11209 11208 1
11212 8244 1
11212 9699 1
11212 11213 1
11214 9371 1
11216 7371 1
11218 6101 1
11218 11219 1
11218 11221 1
11219 11220 1
11220 2974 1
11220 11218 1
11224 11226 1
11224 11227 1
11225 11227 1
11227 11225 1
11230 10086 1
11233 11234 1
11233 11235 1
11236 11233 1
11236 11234 1
11237 8737 1
11238 5387 1
11241 7773 1
11242 729 1
11243 11245 1
11246 7295 1
11246 11247 1
11248 11246 1
11249 7295 1
11249 11248 1
11251 11255 1
11252 8476 1
11252 11253 1
11253 3726 1
11254 11252 1
11255 11252 1
11257 8066 1
11257 11256 1
11260 11264 1
11261 3893 1
11261 8889 1
11263 3258 1
11263 11264 1
11264 8889 1
11264 11262 1
11267 8585 1
11270 11271 1
11271 10226 1
11271 10777 1
11277 7955 1
11280 11281 1
11281 11205 1
11282 11283 1
11282 11284 1
11284 9140 1
11284 11282 1
11285 11284 1
11286 5663 1
11288 11287 1
11296 11297 1
11297 9024 1
11301 11303 1
11301 11304 1
11302 11303 1
11302 11305 1
11308 9767 1
11308 9769 1
11316 11315 1
11318 11317 1
11319 11315 1
11320 7518 1
11321 11320 1
11322 8899 1
11325 5339 1
11326 7794 1
11327 7794 1
11330 495 1
11332 11331 1
11337 5261 1
