60 4531 1
92 5033 1
92 5034 1
297 6944 1
313 2998 1
367 7165 1
496 6612 1
514 1346 1
615 618 1
615 5394 1
615 7199 1
616 6249 1
616 7357 1
616 7358 1
618 615 1
618 7199 1
644 1213 1
647 5034 1
729 1550 4
729 4208 1
729 4328 2
729 4398 1
729 4938 1
729 6005 1
729 6073 3
729 6074 1
729 6286 1
729 6510 1
770 3988 1
770 6531 1
814 4296 1
1017 6761 1
1074 3562 1
1222 4710 1
1300 3209 1
1300 5746 1
1300 5748 1
1300 5901 1
1300 5902 1
1300 7448 1
1300 7449 1
1346 4566 1
1346 5547 4
1534 1550 1
1550 729 4
1550 4906 1
1586 4668 1
1586 6661 1
1605 92 1
1605 6783 1
1712 4434 1
1782 6018 1
1876 3988 1
1876 4275 1
1876 7424 1
1973 5003 2
2189 4149 1
2189 5435 1
2189 6032 1
2202 5700 1
2208 6645 1
2245 6019 1
2245 7369 1
2314 4089 1
2609 3562 1
2720 7063 1
2980 5151 1
2980 5153 1
3003 4511 2
3183 6220 1
3184 4952 1
3191 1876 1
3192 4212 1
3192 4282 1
3209 5746 1
3236 6156 1
3240 3980 1
3240 6971 1
3377 5254 1
3449 5773 1
3562 4146 1
3562 4259 1
3562 4503 2
3562 6520 1
3562 6524 1
3562 6581 1
3587 6074 1
3716 4772 2
3716 4814 2
3751 4109 2
3751 4226 3
3751 4930 1
3751 6022 1
3891 5927 1
3891 5928 1
3946 4177 1
3952 3954 1
3952 6337 1
3953 5126 1
3954 3952 1
3957 6083 1
3957 6084 1
3958 3959 1
3959 3958 1
3959 5997 1
3960 5757 3
3960 6797 2
3962 4736 1
3962 5668 2
3962 7220 1
3964 5772 2
3967 4172 1
3967 4942 1
3968 5477 1
3968 7315 1
3969 3184 1
3969 3968 1
3969 4455 1
3970 3972 1
3970 3973 1
3970 3974 1
3971 3972 1
3971 3975 1
3972 3973 1
3972 3974 1
3973 3970 1
3973 7172 1
3976 3977 3
3977 4227 1
3977 4834 1
3977 5033 1
3977 6682 1
3977 6784 1
3978 3979 1
3979 4426 8
3979 4427 7
3979 4429 4
3979 5290 2
3979 6427 1
3979 7428 1
3980 5712 1
3983 3981 1
3983 7183 1
3987 4762 1
3988 3184 1
3988 3986 3
3988 4170 1
3988 4282 4
3988 5167 1
3988 5330 1
3988 6531 1
3989 4139 1
3989 5275 1
3989 6224 1
3989 6226 1
3989 6283 1
3989 7455 1
3989 7456 1
3989 7458 1
3990 4039 3
3990 5059 1
3992 5793 1
3993 5586 1
3993 5589 1
3994 7379 1
3995 4657 1
3995 6781 1
3997 4054 3
3997 4352 1
3997 4364 1
3997 5267 1
3997 5560 2
3997 6055 1
3997 6059 1
3997 6081 1
3997 6795 1
3999 4003 2
4000 4002 2
4000 4690 1
4001 4000 1
4001 4003 1
4001 7258 1
4002 3999 2
4002 4001 1
4002 4353 1
4003 4002 2
4003 5789 1
4003 6222 1
4003 6346 1
4003 7154 1
4008 4011 1
4008 4251 1
4009 4008 1
4010 4008 1
4011 4008 1
4012 4014 1
4014 4012 1
4017 4018 1
4017 4080 2
4017 4205 1
4017 4228 3
4017 4616 1
4017 4768 1
4017 5820 1
4018 4193 1
4018 4268 2
4018 4471 2
4018 5652 1
4018 5653 1
4018 5920 1
4018 7161 1
4019 4020 1
4020 4022 1
4020 4023 1
4022 4023 1
4023 4020 1
4023 4022 1
4025 7251 1
4026 4193 1
4026 4340 1
4026 4561 1
4026 4802 1
4026 5646 1
4027 4028 1
4028 4029 1
4029 4030 1
4030 4027 1
4031 4085 1
4032 4267 3
4033 7304 1
4035 4034 1
4036 4101 1
4036 4849 1
4036 5083 1
4036 5091 1
4036 5132 1
4038 4192 1
4038 4399 2
4038 4562 1
4038 4563 1
4039 3990 3
4039 4040 2
4040 4041 2
4041 4180 2
4041 4768 3
4041 5191 3
4041 5192 3
4041 5351 1
4041 5573 2
4041 7124 1
4041 7126 1
4042 4043 2
4043 4093 1
4046 5762 1
4047 4046 1
4047 5351 1
4048 4281 2
4048 4401 2
4048 4403 1
4048 5758 1
4049 3977 1
4049 4046 2
4049 4079 2
4049 4404 1
4049 4681 4
4049 4682 1
4049 4907 2
4049 5431 1
4049 5760 1
4049 6887 1
4049 6910 1
4054 4052 1
4054 4056 1
4054 4268 2
4054 4416 2
4054 5711 1
4054 6589 1
4054 7279 1
4054 7291 1
4054 7292 1
4055 4052 1
4057 6520 1
4060 6436 1
4063 4065 1
4064 4063 1
4064 4500 2
4064 5433 1
4064 7065 1
4065 4064 6
4065 5433 1
4065 5893 1
4065 7065 1
4067 4068 2
4067 4070 2
4075 4074 1
4076 6794 1
4077 6285 1
4078 4079 1
4079 4153 1
4079 4226 3
4079 4283 1
4079 4336 1
4079 5117 1
4079 5729 1
4080 4078 1
4080 4079 3
4080 4259 3
4080 5068 1
4080 5116 1
4083 4086 1
4086 4083 1
4086 4085 3
4087 2314 1
4087 4090 1
4088 2314 1
4089 4092 1
4090 4092 1
4093 4043 1
4094 4093 1
4098 7156 1
4099 6577 1
4101 4103 2
4101 4183 1
4101 6466 1
4101 6467 1
4102 1876 1
4102 4352 3
4102 4396 1
4102 4508 2
4102 4541 1
4102 4609 1
4102 4759 1
4102 5330 1
4102 5788 1
4103 4817 1
4103 4852 1
4103 4964 1
4103 6356 1
4103 6357 1
4103 6847 1
4104 4105 1
4106 4107 1
4107 4108 1
4108 6673 1
4109 4111 8
4111 4109 8
4111 4486 1
4111 4487 1
4111 4925 1
4111 4927 1
4111 5051 1
4111 5604 1
4111 5819 1
4111 5858 1
4111 6482 1
4111 7185 1
4112 4113 1
4113 4112 1
4114 4116 1
4114 4655 1
4114 7050 1
4115 4113 1
4115 4114 1
4116 4112 1
4116 4114 1
4116 4115 1
4117 6237 1
4121 4123 1
4121 5589 1
4124 4122 1
4127 3997 6
4127 4389 2
4127 4879 1
4127 5560 2
4127 5561 1
4127 6054 1
4127 6057 1
4130 4355 1
4130 6382 1
4133 4132 1
4134 4135 1
4135 4134 1
4136 4137 1
4136 6537 1
4139 3989 1
4142 4132 2
4146 4144 1
4146 4147 1
4147 4146 1
4149 2189 1
4149 4680 1
4149 4922 1
4149 7066 1
4151 4407 1
4151 6404 1
4153 7162 1
4156 4155 1
4159 4213 1
4159 5363 1
4160 4161 1
4161 4162 1
4161 4590 1
4164 4166 1
4166 4170 1
4167 4169 1
4167 4745 1
4167 5402 1
4169 4166 1
4170 3988 1
4170 4606 1
4170 6553 2
4171 4168 1
4172 4173 1
4173 3962 2
4173 4735 1
4175 4177 1
4176 4175 1
4177 4176 1
4177 4892 2
4177 5608 1
4177 5609 1
4177 5641 1
4178 4179 2
4178 4181 1
4178 4726 1
4179 4178 2
4180 4041 2
4180 4179 2
4180 4730 1
4180 5491 2
4181 4179 1
4181 4180 1
4183 4101 1
4183 4184 1
4183 4186 1
4183 4187 1
4183 4192 1
4183 6466 1
4184 4183 1
4184 4187 1
4184 4188 1
4184 4189 1
4185 4188 1
4185 4189 1
4185 4192 1
4186 4184 1
4186 4188 1
4186 4189 1
4186 4191 1
4186 4192 1
4186 4193 1
4187 4185 1
4187 4190 1
4187 4193 1
4188 4183 1
4188 4185 1
4188 4187 1
4190 4186 1
4190 4187 1
4190 4188 1
4190 4192 2
4191 4183 1
4191 4187 1
4191 4192 1
4192 1876 1
4192 3988 4
4192 4038 1
4192 4184 2
4192 4402 1
4192 4762 1
4192 5091 1
4192 6587 1
4192 7145 1
4193 4185 2
4193 4189 2
4193 4909 1
4193 5418 2
4193 5803 1
4193 5881 1
4194 3977 1
4194 4831 1
4194 5147 1
4194 5694 1
4194 5954 1
4194 6630 1
4194 6792 1
4196 4294 1
4196 4965 1
4196 5322 1
4201 4889 1
4201 5275 1
4201 7456 1
4201 7460 1
4202 4201 1
4205 4041 1
4205 4768 1
4205 7122 1
4205 7125 1
4206 4556 1
4206 4558 1
4207 1550 5
4208 6005 1
4208 6006 1
4212 3192 1
4212 4211 1
4212 4681 1
4212 5994 1
4214 4491 5
4214 4801 1
4214 4802 1
4214 5033 1
4214 5192 2
4214 6436 1
4215 4217 1
4215 4629 1
4215 6158 1
4216 4215 2
4220 5179 1
4221 5409 1
4223 4222 1
4223 4976 1
4224 4101 1
4224 4226 1
4224 4541 1
4224 5249 2
4225 4226 1
4226 3450 2
4226 5003 4
4226 5017 3
4226 6680 1
4227 4180 1
4227 4224 3
4227 4656 1
4227 4923 1
4227 6625 1
4228 2720 1
4228 3952 2
4228 3986 1
4228 4049 1
4228 4054 1
4228 4080 3
4228 4282 3
4228 4923 1
4228 6680 2
4229 4227 1
4229 4228 1
4231 3751 2
4233 4231 2
4238 4054 1
4238 4103 1
4238 4149 1
4238 4296 1
4238 4680 1
4238 4942 1
4238 5527 1
4238 5714 1
4239 4214 1
4240 4256 1
4240 7181 1
4241 6503 1
4243 4835 1
4247 4248 1
4248 5225 1
4249 4251 2
4249 4731 2
4249 5545 2
4249 6269 1
4251 4249 2
4251 4250 1
4251 5387 1
4252 5387 1
4253 3960 1
4253 4256 1
4253 4268 2
4254 4555 1
4256 4430 2
4256 5991 1
4256 6141 1
4256 6142 1
4256 6660 1
4256 7191 1
4257 4243 1
4258 6913 1
4258 7073 1
4259 5668 2
4259 5870 1
4261 4263 1
4262 5476 2
4265 4180 1
4266 4265 1
4266 4268 1
4266 4968 2
4266 5159 1
4267 4149 1
4267 4266 1
4268 4018 2
4268 4431 1
4268 4473 1
4268 5036 1
4268 6364 1
4268 6626 2
4268 6722 1
4268 6724 1
4268 6727 1
4268 6728 1
4268 6730 1
4268 6735 1
4268 7086 1
4268 7300 1
4268 7379 1
4269 4265 1
4269 4266 1
4270 4271 1
4270 4274 2
4271 4273 1
4272 4271 1
4272 4274 2
4274 4270 2
4274 4271 1
4275 4264 1
4275 4389 2
4275 4873 2
4275 5561 1
4275 6055 1
4275 6059 1
4279 4280 1
4280 4259 2
4280 4396 1
4280 4397 1
4280 4936 1
4280 6071 1
4281 4049 1
4281 4403 1
4281 4455 1
4281 5761 1
4282 4281 2
4282 5512 3
4282 5758 1
4282 5762 1
4282 6882 1
4283 4079 1
4283 4282 1
4285 4284 1
4285 4286 1
4287 4288 1
4287 4291 1
4288 4287 1
4288 4289 1
4289 4292 1
4291 4287 1
4291 4288 1
4293 4960 2
4294 3716 2
4294 4196 1
4294 4776 1
4294 4814 2
4294 5290 1
4294 5827 1
4294 5887 1
4296 814 1
4296 4267 1
4296 4280 4
4296 4506 2
4296 4680 4
4296 5005 6
4296 5006 1
4296 5377 1
4297 4300 1
4297 4312 1
4297 4315 1
4297 4316 1
4297 4322 1
4298 4320 1
4299 4297 1
4299 4301 1
4299 4306 1
4299 4311 1
4299 4315 1
4300 4297 1
4300 4303 1
4300 4304 1
4300 4307 1
4300 4311 1
4301 4297 1
4301 4304 1
4301 4306 1
4301 4313 1
4301 4321 1
4302 4301 1
4302 4303 1
4302 4305 1
4302 4309 1
4302 4315 1
4302 4316 1
4302 4318 1
4302 4322 1
4303 4307 1
4303 4309 1
4303 4314 1
4303 4315 1
4303 4317 1
4303 4322 1
4304 4317 1
4304 4322 1
4305 4301 1
4305 4304 1
4305 4310 1
4305 4323 1
4306 4300 1
4306 4303 1
4306 4309 1
4306 4311 1
4306 4312 1
4307 4301 1
4307 4308 1
4307 4318 1
4307 4323 1
4308 4299 1
4308 4304 1
4308 4306 1
4308 4311 1
4308 4316 1
4308 4318 1
4309 4305 1
4309 4308 1
4310 4298 1
4310 4300 1
4310 4302 1
4310 4304 1
4310 4306 1
4310 4309 1
4310 4311 1
4310 4319 1
4311 4301 1
4311 4309 1
4311 4312 1
4311 4313 1
4311 4319 1
4312 4300 1
4312 4310 1
4312 4314 1
4312 4318 1
4312 4321 1
4313 4312 1
4313 4318 1
4313 4323 1
4314 4297 1
4314 4302 1
4314 4306 1
4314 4310 1
4315 4298 1
4315 4302 1
4315 4303 1
4315 4308 1
4315 4310 1
4316 4297 1
4316 4298 1
4316 4302 1
4316 4304 1
4316 4305 1
4316 4310 1
4316 4315 1
4317 4318 1
4318 4301 1
4318 4308 1
4318 4309 1
4318 4310 1
4318 4313 1
4318 4314 1
4318 4317 1
4319 4298 1
4319 4315 1
4319 4318 1
4319 4321 1
4320 4308 1
4320 4314 1
4320 4318 1
4320 4319 1
4321 4302 1
4321 4308 1
4321 4309 1
4322 4304 1
4322 4309 1
4322 4312 1
4322 4313 1
4322 4318 1
4323 4297 1
4323 4302 1
4323 4309 1
4323 4314 1
4323 4318 1
4323 4321 1
4328 5129 1
4330 4329 1
4334 4338 1
4335 4079 1
4335 5066 1
4335 6650 1
4335 7411 1
4336 4335 1
4336 4337 1
4336 4338 1
4337 4336 1
4338 4335 1
4340 4026 1
4340 4339 2
4340 4341 2
4340 4787 1
4340 4801 1
4340 4802 1
4340 5091 1
4342 4344 1
4343 4342 1
4345 6258 1
4348 3977 1
4348 4041 7
4348 4353 1
4348 4729 1
4348 4730 2
4348 5573 3
4348 5794 1
4348 6803 1
4348 7120 1
4351 4352 1
4352 4553 1
4352 4609 1
4352 4680 1
4352 4823 1
4352 5213 1
4352 6478 1
4353 4002 1
4353 4806 1
4353 7144 1
4358 4357 1
4360 4361 1
4361 4360 1
4363 4362 1
4365 4369 1
4365 6463 1
4365 6464 1
4366 4367 1
4366 4369 1
4367 4370 1
4370 4368 1
4372 4374 1
4372 6416 1
4372 6827 1
4373 4374 1
4373 6416 1
4374 4109 1
4374 4375 1
4375 4373 2
4376 4109 2
4378 4379 1
4380 4379 1
4382 4384 1
4383 4382 1
4383 4384 1
4387 4386 2
4387 5490 1
4389 3997 4
4389 4275 2
4389 5560 1
4389 5561 1
4390 5001 1
4390 5560 2
4390 5563 1
4393 4391 1
4395 4394 1
4397 4280 1
4401 4049 2
4401 4282 2
4401 4402 2
4401 4681 2
4403 4281 1
4403 5718 1
4407 4588 1
4407 4798 1
4407 4963 3
4407 4998 1
4407 4999 1
4407 5488 1
4407 6405 2
4407 7036 1
4407 7113 1
4408 4409 1
4409 4410 1
4410 4407 1
4412 4415 1
4412 4981 1
4413 4412 1
4413 4415 1
4414 4569 2
4414 6273 1
4414 7277 1
4415 4414 1
4416 4038 1
4416 7291 1
4416 7292 1
4420 4418 1
4425 6404 1
4426 5007 5
4426 5712 1
4427 4428 3
4427 4971 1
4427 5011 1
4427 5290 2
4428 6370 1
4429 4428 3
4429 5007 1
4430 4018 1
4430 4026 1
4430 4256 2
4430 4268 1
4430 4542 1
4430 4561 1
4430 5239 1
4430 6681 1
4436 4787 1
4436 4802 1
4436 5237 2
4438 4440 1
4438 4750 1
4438 4751 1
4440 4439 1
4441 4442 1
4441 4444 4
4441 6640 1
4441 6886 1
4442 4783 1
4443 4442 1
4443 4444 2
4444 4442 1
4449 4513 1
4449 5125 1
4449 7325 1
4452 4450 1
4453 7255 1
4455 4167 2
4455 4530 1
4455 5052 2
4455 7319 1
4455 7467 1
4457 4692 1
4457 4910 1
4457 6872 1
4460 4461 1
4461 4985 1
4462 4465 1
4463 4467 1
4463 4469 1
4464 4468 1
4464 4469 1
4465 4463 1
4465 4466 1
4466 4465 1
4466 4873 2
4466 6194 1
4466 7469 1
4468 4469 1
4468 5169 1
4468 5170 2
4468 7035 1
4468 7469 1
4469 4463 1
4469 4465 1
4471 4268 1
4472 4111 1
4472 5349 1
4472 5350 1
4472 5653 1
4473 4080 1
4474 4442 1
4474 4475 1
4477 4478 1
4485 4484 1
4486 4488 1
4487 4488 1
4488 4487 1
4489 4490 1
4490 4489 1
4491 4541 1
4491 4696 1
4491 5945 1
4491 7128 1
4492 3969 1
4492 5169 1
4494 5182 1
4497 4498 1
4498 4804 2
4499 5688 1
4499 6412 1
4501 4500 2
4503 5733 1
4503 5736 1
4505 4400 1
4505 5599 1
4505 6196 1
4506 4296 2
4506 4505 1
4506 4878 1
4507 3977 2
4507 6784 1
4508 4102 2
4509 4734 1
4510 1876 1
4510 3003 1
4510 3988 2
4511 3988 2
4513 4349 1
4513 6554 3
4515 4514 1
4515 4680 1
4515 5774 3
4515 5967 1
4517 367 1
4517 7163 1
4519 5101 1
4520 4521 3
4520 5975 1
4521 4223 1
4521 5679 1
4521 5681 1
4521 5685 1
4521 7237 1
4522 4079 1
4523 4079 1
4523 5172 1
4523 5454 1
4524 4525 1
4525 4524 1
4525 4989 2
4525 5095 1
4525 6492 1
4527 4526 1
4527 4828 1
4528 5060 1
4528 5521 2
4528 6272 1
4529 3977 1
4529 3988 1
4529 5034 2
4529 5846 1
4529 7221 1
4530 4531 2
4530 4535 1
4530 7083 1
4531 4533 1
4531 4681 1
4531 4747 1
4534 4532 1
4534 4533 1
4535 4532 1
4535 4533 1
4535 4536 1
4536 4531 2
4536 4533 1
4537 4482 1
4538 4537 1
4541 4101 3
4541 5249 1
4541 5250 1
4542 4102 1
4542 4588 1
4542 5364 1
4542 5615 1
4542 5616 1
4542 7307 1
4543 4228 2
4547 4546 1
4547 4947 1
4547 5810 1
4548 3562 1
4550 729 4
4550 4551 1
4551 4552 1
4552 4103 1
4552 4551 1
4552 4681 1
4552 4815 1
4555 4738 1
4555 4872 1
4555 6068 1
4555 6069 2
4555 6864 1
4556 4017 1
4557 4206 1
4557 4455 1
4559 4275 1
4560 4561 1
4561 4153 1
4561 4194 1
4561 5525 1
4561 6791 1
4563 4038 1
4564 4563 1
4565 4067 1
4565 4566 1
4565 5301 6
4566 4412 1
4566 4565 1
4566 4567 1
4566 4568 1
4567 4414 1
4568 4414 1
4568 4565 1
4568 4569 1
4569 4567 1
4569 4568 1
4569 4757 1
4578 7196 1
4578 7197 1
4578 7198 1
4578 7417 1
4582 4579 1
4584 5965 2
4584 6771 1
4584 6772 1
4588 4999 2
4590 4161 1
4591 4263 2
4591 5629 1
4593 4595 1
4595 4593 1
4595 4596 1
4595 5730 1
4595 6687 1
4596 4592 1
4600 4598 1
4600 6903 1
4601 4240 1
4602 4601 1
4605 7105 1
4606 3987 2
4606 4723 1
4606 4747 1
4606 6252 1
4608 3987 1
4608 4607 1
4609 4680 1
4609 5788 1
4609 5955 1
4611 4817 1
4611 6858 1
4612 4068 1
4614 4068 1
4614 4612 2
4614 4613 2
4614 4644 2
4615 4616 1
4616 6020 1
4617 4618 1
4618 4215 1
4619 5547 1
4619 5565 1
4619 5808 1
4619 6944 1
4619 6946 1
4624 4625 1
4625 4627 1
4626 4627 1
4629 4631 1
4630 4631 1
4632 3988 1
4633 4192 1
4633 4634 1
4634 4632 1
4635 4192 2
4635 4509 1
4635 6468 1
4636 4215 1
4636 4221 1
4638 4637 1
4639 4849 1
4639 4852 1
4639 5085 1
4640 6072 1
4641 4642 1
4642 4640 2
4644 4613 1
4644 4614 2
4646 4645 1
4646 5577 1
4646 5582 1
4646 6521 1
4647 4648 1
4651 4650 2
4655 4656 1
4656 4227 1
4660 4661 2
4661 4148 1
4662 7446 1
4663 4916 1
4668 6679 1
4671 4672 1
4676 4430 1
4676 6460 1
4679 4678 4
4679 4726 1
4679 7021 1
4680 3959 1
4680 4194 1
4680 4296 4
4680 4457 1
4680 4692 1
4680 4847 3
4680 4848 1
4680 5089 1
4680 5175 1
4680 6033 2
4680 6530 2
4680 7019 2
4681 4103 1
4681 4280 3
4681 5758 1
4681 5764 1
4681 7416 1
4682 4282 1
4682 4401 1
4685 4688 1
4686 4687 2
4687 4688 1
4688 4686 1
4690 4002 1
4690 4003 1
4690 4228 1
4692 4352 1
4700 4699 1
4701 4193 1
4701 4457 1
4702 4513 2
4703 4705 1
4706 4703 1
4706 5299 1
4706 5999 1
4707 4843 1
4707 6831 1
4708 5168 1
4709 7291 1
4709 7293 1
4711 4745 2
4712 1108 1
4713 4523 1
4722 4721 1
4726 4348 1
4726 6118 1
4726 6337 1
4726 7203 1
4726 7204 1
4727 4041 1
4727 4205 1
4728 4725 1
4728 4727 1
4729 4041 1
4729 4180 1
4730 4041 1
4730 4726 1
4730 4729 1
4730 4770 1
4730 4793 1
4731 5545 1
4731 5998 1
4732 4731 1
4735 4228 2
4736 5003 2
4736 5884 1
4736 5886 1
4737 4155 1
4739 4738 2
4739 5218 1
4739 5939 1
4740 4739 1
4742 4744 1
4743 4247 1
4743 6760 1
4744 4247 1
4745 4167 1
4745 4455 3
4745 4711 2
4746 4745 1
4747 3969 2
4747 4455 3
4749 4584 1
4750 4751 2
4751 5019 1
4752 4754 1
4753 4750 1
4753 4754 1
4755 4569 1
4758 4296 1
4758 5013 1
4758 5490 1
4758 5822 1
4758 5828 1
4759 5946 1
4761 4760 1
4765 4766 1
4766 4764 1
4768 4017 1
4768 7120 1
4771 4772 3
4771 4814 2
4771 6450 1
4771 6451 1
4772 3716 2
4772 5887 1
4773 4771 1
4773 4774 1
4774 4776 1
4775 5887 1
4776 4771 1
4776 4772 1
4778 4784 1
4779 4782 1
4779 4783 1
4780 4779 1
4781 4784 1
4781 4785 1
4782 4442 1
4782 4780 1
4782 4781 1
4783 4784 1
4785 4783 1
4787 4026 1
4787 4109 1
4787 4214 1
4787 4788 1
4787 6030 1
4787 7143 1
4792 4730 1
4792 4770 1
4792 4793 1
4793 4348 1
4797 4798 2
4799 4801 1
4799 4803 1
4800 4787 1
4801 4214 1
4801 4799 1
4802 4436 1
4802 4800 1
4802 6261 1
4803 4193 1
4803 4802 1
4806 4353 1
4806 4807 2
4806 4808 1
4806 6175 1
4806 6444 1
4809 6659 1
4810 4812 2
4811 4809 2
4811 4810 2
4812 6069 1
4814 4294 2
4814 4775 2
4814 5887 1
4815 4681 1
4816 4103 1
4818 6362 1
4819 7223 1
4823 4352 1
4828 6403 2
4829 4527 1
4831 6473 1
4832 4214 1
4832 4834 1
4833 5034 1
4834 4832 1
4834 5751 1
4838 4842 1
4838 4932 2
4839 4841 1
4841 4934 1
4841 5227 1
4841 5777 1
4842 4841 1
4843 6398 1
4843 6399 1
4843 6898 1
4844 4256 1
4846 4848 1
4847 4845 1
4847 4846 2
4847 5376 1
4847 7019 2
4847 7129 1
4848 4680 1
4848 4846 1
4849 4639 1
4849 4877 1
4849 5007 4
4849 5009 1
4849 5085 1
4849 5558 1
4851 4850 1
4852 5559 1
4855 4787 1
4859 4862 1
4861 4859 1
4861 4866 1
4862 4861 1
4863 4859 1
4863 4864 1
4863 4865 1
4864 4859 1
4864 4862 1
4864 4863 1
4865 4860 1
4865 4861 1
4865 4864 1
4866 4859 1
4867 4210 1
4867 7459 1
4868 4583 1
4869 4868 1
4871 4555 1
4871 5219 1
4872 4221 1
4872 4739 1
4872 4871 2
4872 5802 1
4873 5057 1
4873 6056 1
4873 6057 1
4873 6076 1
4873 6194 1
4873 7276 1
4875 4275 1
4876 4873 1
4876 4874 1
4877 3977 1
4879 4880 1
4880 4879 1
4880 4883 1
4880 5804 1
4881 4883 1
4883 4881 1
4883 4882 1
4885 4884 1
4885 5146 1
4892 4177 2
4893 4892 1
4894 4892 1
4895 5897 1
4895 5898 1
4896 4898 1
4896 4899 1
4898 4897 1
4902 4430 1
4904 4903 1
4905 4906 1
4906 4904 1
4907 4457 1
4907 4606 1
4907 4681 1
4907 4909 1
4907 4911 1
4908 4911 1
4909 4193 1
4909 4912 1
4910 7003 1
4911 4193 1
4911 4457 1
4911 4909 1
4913 4193 1
4913 4457 1
4915 4917 1
4916 4915 1
4917 4663 1
4922 1550 2
4922 4149 1
4922 5575 2
4922 6944 1
4923 4228 1
4923 4349 1
4924 4927 1
4925 4926 1
4926 4925 1
4928 4708 2
4928 5801 1
4928 6440 1
4928 6898 1
4930 4231 2
4932 4933 1
4932 4934 2
4933 4932 1
4934 4838 2
4936 4259 1
4939 4940 2
4939 4942 2
4941 4942 2
4941 4943 2
4942 4981 1
4942 5635 1
4942 6306 1
4942 6533 1
4942 7000 1
4943 4939 2
4943 4940 3
4944 4759 1
4947 4547 1
4949 4193 1
4950 4951 1
4950 4952 1
4951 3240 1
4952 3240 1
4952 4950 1
4953 4957 1
4954 4956 1
4956 4957 1
4958 4959 1
4960 6597 1
4963 4962 2
4964 4103 1
4968 4196 1
4968 4266 2
4968 4267 2
4968 4969 1
4968 4970 1
4968 5590 1
4969 4968 1
4969 6792 1
4971 3979 1
4971 4426 1
4971 4849 1
4971 7428 1
4976 4975 1
4976 4977 1
4976 5104 1
4976 7457 1
4977 5695 1
4978 4561 2
4981 4414 1
4986 4987 1
4987 4988 1
4989 5080 1
4989 5095 1
4989 6395 3
4990 6957 1
4993 4994 1
4994 4993 1
4998 6216 1
4999 4588 2
5000 4192 2
5000 4523 1
5003 4079 3
5003 5623 1
5003 5773 1
5003 5791 1
5004 5003 2
5005 4296 6
5005 6575 1
5005 6783 1
5006 4226 1
5007 4429 1
5007 4971 1
5007 7428 1
5008 4427 1
5008 5009 1
5009 4427 1
5009 4849 1
5009 5007 1
5009 5010 1
5010 4426 2
5010 5007 2
5010 5008 1
5010 5011 1
5011 3979 1
5011 4426 1
5011 4427 1
5011 5007 1
5011 5009 1
5011 5010 1
5012 5013 1
5013 4296 1
5013 5012 1
5013 6082 1
5013 6414 1
5013 7435 1
5017 2720 3
5020 4438 1
5020 5013 1
5020 5019 1
5022 5021 1
5026 5028 1
5026 5031 2
5027 5026 1
5027 5029 1
5027 5030 1
5027 5031 1
5028 5030 1
5029 5031 1
5032 4214 1
5032 5033 1
5032 5034 1
5033 5034 2
5034 3977 2
5034 4507 1
5034 5063 1
5034 6360 2
5034 6784 1
5034 7221 1
5035 4831 1
5036 7210 1
5036 7379 1
5038 5037 1
5038 5039 1
5038 5040 1
5039 5037 1
5040 5039 1
5040 5801 1
5047 4247 2
5051 3751 1
5051 4167 1
5051 4745 1
5051 5402 1
5052 5051 1
5053 4971 1
5057 4038 2
5057 4873 1
5057 6172 1
5061 4348 1
5061 5259 1
5065 6100 1
5067 5066 1
5067 7414 1
5068 4080 1
5068 4512 1
5069 4080 2
5075 5081 1
5075 5083 1
5076 4275 1
5076 5075 1
5076 5083 1
5077 5079 1
5077 5084 1
5078 5082 1
5079 5075 1
5079 5082 1
5080 4036 3
5080 5013 3
5080 5075 1
5080 5134 1
5080 5666 1
5080 5669 1
5080 5907 1
5080 6492 1
5080 6661 1
5080 6662 1
5080 6961 1
5080 7435 1
5081 5077 1
5081 5084 1
5082 5075 1
5082 5077 1
5082 5080 1
5083 5076 1
5083 5077 1
5083 5082 1
5087 4617 1
5087 5445 1
5087 6291 2
5088 4520 1
5089 4127 1
5089 5088 1
5089 5090 1
5089 6057 1
5089 6059 1
5091 4192 1
5091 4340 1
5091 4752 1
5095 4471 1
5095 5096 1
5098 5099 1
5103 5104 1
5105 5106 1
5106 5107 1
5108 3587 1
5112 5113 1
5113 4520 1
5113 5537 1
5113 5975 1
5113 7452 1
5113 7453 1
5115 5882 1
5116 4080 1
5119 3562 1
5119 4735 1
5123 4518 2
5124 3987 1
5124 4102 1
5126 4387 1
5126 5125 1
5129 4048 1
5129 4102 1
5129 4328 1
5133 5134 1
5133 5785 1
5136 5137 1
5136 5138 1
5137 5135 1
5137 5138 1
5138 5135 1
5138 5136 1
5142 5140 1
5143 2189 1
5144 4026 1
5144 5150 1
5144 5151 1
5144 5152 1
5145 2980 1
5146 5149 1
5146 5151 1
5147 4348 1
5147 5144 1
5147 5153 1
5147 5259 1
5148 5144 2
5148 5146 2
5148 5150 1
5148 5151 1
5148 5153 1
5150 2980 1
5150 5146 1
5150 5151 1
5151 5150 1
5152 5146 1
5153 5146 1
5153 5148 1
5153 5151 1
5154 3992 1
5154 5793 1
5156 5157 2
5156 7455 1
5156 7460 1
5157 3989 2
5158 6415 1
5160 5161 1
5161 5159 2
5161 5160 1
5162 4924 1
5162 5164 1
5164 4924 1
5165 5164 1
5168 5611 2
5169 5170 1
5170 7035 1
5171 5172 1
5171 5173 1
5176 5175 1
5177 5174 1
5177 7129 1
5178 5179 1
5181 6331 1
5187 6725 1
5187 6726 1
5187 6728 1
5187 6730 1
5190 5189 1
5190 5412 1
5190 5568 1
5191 4348 3
5191 7124 1
5191 7127 1
5192 4180 1
5192 5126 1
5192 5730 1
5192 7373 1
5192 7374 1
5194 5197 1
5195 5391 1
5197 5195 1
5199 1586 1
5199 4036 1
5199 4212 1
5199 4660 1
5199 4668 1
5199 4752 1
5199 5091 2
5199 5260 1
5199 6661 1
5201 5200 1
5201 5202 1
5202 5203 1
5203 5200 1
5203 5201 1
5205 4121 2
5206 6988 1
5207 5206 2
5207 5765 1
5208 6988 1
5209 6338 1
5209 6340 1
5209 6559 2
5209 7429 1
5210 7429 1
5212 3992 1
5212 5213 2
5215 4806 1
5216 5217 1
5217 1017 1
5218 4555 1
5218 4739 1
5218 4872 1
5220 4555 1
5220 4871 1
5220 5359 1
5220 5360 1
5221 6116 1
5233 5234 1
5234 5233 1
5235 5234 1
5236 4002 1
5239 4240 1
5239 4430 1
5240 4787 3
5242 4626 1
5249 4541 1
5250 5251 1
5257 5221 1
5262 5263 1
5263 5262 1
5263 5266 1
5265 5262 1
5271 5805 1
5273 5411 1
5275 3989 1
5275 4102 1
5275 4561 1
5275 5129 1
5275 7458 1
5278 5277 1
5280 5281 1
5281 5279 1
5282 5284 1
5282 5286 1
5283 6178 1
5283 6179 1
5284 5285 1
5285 5282 1
5286 5282 1
5286 5285 1
5287 5289 1
5288 5287 1
5290 4429 2
5290 4481 1
5290 4771 1
5290 6451 1
5294 5295 1
5295 5294 1
5300 4706 2
5301 4565 6
5301 6907 1
5305 5306 1
5305 5308 1
5306 5305 1
5306 5307 1
5307 5310 1
5307 5311 1
5308 5311 1
5308 5312 1
5309 5312 1
5310 5307 1
5310 5309 1
5311 5306 1
5311 5307 1
5311 5310 1
5312 5306 1
5312 5309 1
5312 5310 1
5312 5311 1
5316 5315 1
5317 5206 1
5320 5322 1
5321 4196 1
5323 5320 1
5324 4032 1
5325 5326 1
5326 4177 2
5326 5609 1
5327 4177 1
5327 5326 1
5331 5330 1
5331 5719 1
5331 5742 1
5334 5332 1
5338 5339 1
5346 7142 1
5347 5348 1
5349 4471 1
5349 5350 1
5351 4041 1
5351 4194 3
5351 5192 1
5351 5354 1
5352 5351 1
5352 5353 1
5352 5354 1
5353 5351 1
5353 5354 1
5355 5356 1
5355 7272 1
5356 5358 1
5357 5358 1
5357 5359 1
5359 5220 1
5360 5220 1
5363 5530 1
5363 6010 1
5364 4542 1
5364 7214 1
5365 5366 3
5365 5372 1
5365 5373 1
5366 5365 3
5366 5369 1
5366 5372 1
5366 5373 1
5367 5365 1
5367 5370 1
5367 5373 1
5368 5365 3
5368 5367 1
5369 5365 1
5369 5366 1
5369 5371 1
5370 4546 1
5370 5366 1
5370 5368 1
5371 5365 1
5371 5368 1
5371 5370 1
5372 5365 1
5372 5370 1
5372 5371 1
5373 4546 1
5373 5368 1
5373 5372 1
5375 5374 1
5381 4049 2
5382 5385 1
5383 5382 1
5383 5385 1
5383 5386 1
5384 5126 1
5384 5385 1
5386 5388 1
5387 4258 1
5387 6518 3
5388 5383 1
5388 5384 1
5388 5386 1
5391 5392 1
5392 5393 1
5393 5391 1
5394 618 1
5394 2720 1
5399 5398 1
5402 6650 1
5404 3988 1
5406 4294 1
5406 4759 1
5406 5637 1
5406 5983 1
5408 4221 1
5408 5409 1
5409 5408 1
5410 4220 1
5415 5413 2
5415 5414 1
5415 6124 1
5420 5423 1
5423 5422 1
5424 4430 1
5426 5425 1
5430 5431 1
5430 5504 1
5431 5429 1
5432 5504 1
5432 7158 1
5434 2189 2
5434 4565 1
5436 4102 1
5437 5599 1
5438 4263 1
5439 3988 1
5442 5441 1
5444 5113 2
5444 6082 1
5444 6761 1
5444 6762 1
5445 4054 1
5445 6406 3
5449 5450 1
5450 4336 1
5450 5449 1
5451 4336 1
5451 5449 1
5452 6277 1
5452 6281 1
5457 4275 1
5458 4275 1
5458 5456 1
5458 5457 1
5459 4275 1
5461 5462 1
5464 5465 1
5466 5467 1
5469 5468 1
5476 7295 1
5478 7316 1
5479 5481 2
5485 5104 1
5486 4680 1
5488 4806 3
5488 5491 1
5488 5840 2
5488 6200 1
5488 6201 1
5489 5841 1
5489 6284 2
5489 6358 1
5490 5492 2
5490 5828 1
5491 6660 1
5491 6723 1
5491 6724 1
5491 6731 1
5491 6733 1
5491 6734 1
5491 6735 1
5491 7192 1
5492 4806 2
5493 4521 1
5495 5493 1
5500 5499 1
5504 5253 1
5504 5432 1
5506 5505 1
5508 7088 1
5510 5662 1
5512 4282 3
5512 6883 1
5513 5517 1
5513 5548 1
5514 5519 1
5514 7069 1
5515 5513 1
5515 5516 1
5515 5518 1
5516 5515 1
5517 5513 1
5517 5518 1
5518 5514 1
5519 5513 1
5519 5515 1
5519 5517 1
5521 6272 1
5522 5524 1
5523 5524 1
5525 4194 1
5525 6153 1
5525 6455 2
5525 7113 1
5526 4942 1
5527 4352 1
5529 5750 1
5530 6973 1
5534 5535 1
5534 5536 1
5534 6569 1
5536 5534 1
5538 4192 1
5541 4005 1
5541 5540 1
5542 5541 1
5545 4249 2
5546 5547 4
5547 1346 4
5547 4619 1
5548 5546 1
5549 4810 1
5550 5553 1
5551 5552 2
5553 5365 1
5556 5355 1
5558 4642 1
5559 5557 1
5560 4275 2
5561 4275 1
5561 4389 1
5562 4390 1
5566 4619 1
5568 5569 1
5573 7125 1
5573 7127 1
5575 729 2
5575 1550 3
5575 4922 2
5575 6347 1
5577 4646 1
5577 5579 1
5577 5580 1
5578 5580 1
5578 5582 1
5578 5583 1
5579 5577 1
5579 5580 1
5579 5582 1
5580 4646 1
5581 5577 1
5582 5581 1
5582 5583 1
5583 4646 1
5583 6010 1
5583 6823 1
5583 6824 1
5584 5939 1
5585 5586 1
5586 5585 1
5588 4121 1
5589 5587 1
5599 5995 1
5600 5601 1
5601 5600 1
5605 5140 1
5607 5610 1
5608 4177 1
5610 4177 1
5610 5608 1
5611 4690 2
5612 5611 1
5614 4542 1
5616 5617 1
5618 5616 1
5619 4112 1
5623 5003 1
5628 5627 1
5629 4591 1
5635 4943 1
5637 5638 1
5637 5641 1
5639 4177 1
5639 5640 1
5639 5641 1
5639 5642 1
5640 4892 1
5640 5637 1
5640 5641 1
5642 6268 1
5653 4018 1
5653 4103 1
5653 5075 1
5653 5860 1
5655 3977 2
5657 5656 1
5658 5659 1
5658 5660 1
5659 5660 1
5660 5659 1
5663 5661 1
5664 4247 1
5666 5080 1
5666 5667 1
5666 5668 1
5666 5671 1
5667 5080 1
5668 3562 3
5668 5671 1
5670 5667 1
5670 5668 1
5671 5673 2
5672 5080 2
5672 5669 1
5672 5673 3
5679 5683 1
5680 4521 1
5680 5681 1
5680 5684 1
5681 5678 1
5681 5679 1
5682 5685 1
5683 5678 1
5683 5680 1
5683 5681 1
5684 5683 1
5685 4521 1
5685 5682 1
5685 5683 1
5686 7318 1
5688 5687 1
5688 6743 1
5689 5690 1
5689 5691 1
5689 5692 1
5690 5689 1
5690 5692 1
5690 5693 1
5690 7269 1
5690 7270 1
5691 5689 1
5693 5692 1
5694 4194 1
5696 5699 1
5697 5696 1
5697 5699 1
5698 5696 1
5698 5699 1
5699 5697 1
5700 5701 1
5702 5705 1
5705 5704 1
5705 6999 1
5705 7443 1
5707 4226 2
5707 7133 1
5710 4353 1
5711 4054 1
5716 5717 1
5718 4681 1
5719 4528 1
5724 5723 1
5727 5192 1
5727 5729 1
5727 6804 1
5730 4877 1
5730 5728 1
5730 5776 1
5731 4268 2
5732 4619 1
5736 4503 1
5736 5733 2
5740 4296 2
5741 4054 1
5742 5743 1
5748 5747 1
5750 5529 1
5750 5530 1
5751 4834 1
5751 5753 1
5753 5752 1
5753 5754 1
5757 3960 3
5757 5756 1
5757 6797 1
5758 4046 1
5758 4681 1
5758 5760 1
5758 5762 1
5759 4048 1
5759 5760 1
5759 5764 1
5760 4046 1
5760 4282 1
5760 5763 1
5761 4401 1
5761 5763 1
5762 4046 1
5762 4049 1
5762 4282 1
5762 4681 1
5762 5760 1
5762 5764 1
5763 4401 1
5763 5764 1
5764 4049 1
5764 4281 1
5764 5759 1
5765 5208 1
5771 4296 2
5772 3964 2
5774 6700 1
5774 6793 1
5777 4841 1
5785 4803 1
5786 5785 1
5788 4348 1
5788 4609 1
5788 4680 1
5789 4003 1
5789 4017 1
5789 4259 2
5789 5790 1
5789 5869 1
5790 5791 1
5791 5790 1
5793 5213 1
5794 6516 1
5797 5796 1
5799 5798 1
5800 5802 1
5801 6275 1
5803 4193 1
5808 729 3
5808 4922 1
5808 5809 2
5808 6587 1
5808 6945 1
5816 5815 1
5818 5817 1
5819 4531 1
5821 5822 1
5821 5825 1
5821 5826 1
5822 5825 1
5822 5826 1
5824 5827 1
5824 5828 1
5825 5823 1
5826 5821 1
5826 5823 1
5828 4294 1
5828 5823 1
5830 5833 1
5830 5836 1
5830 5837 1
5831 5829 1
5832 5834 1
5832 5835 1
5834 5837 1
5835 5831 1
5835 5833 1
5836 5834 1
5836 5835 1
5837 5832 1
5840 5841 1
5844 7052 1
5847 4986 1
5856 5673 1
5857 5026 1
5859 4387 1
5860 4101 1
5861 5860 1
5861 5862 1
5862 5860 1
5863 5862 1
5865 4803 1
5866 5865 1
5868 5673 1
5868 6067 1
5869 5789 1
5869 5870 1
5870 4259 1
5872 5871 1
5873 5876 1
5874 4282 1
5874 5875 1
5876 1300 1
5876 5873 1
5877 5878 1
5881 4472 1
5887 4774 1
5889 5890 1
5891 4045 1
5892 3021 1
5892 5871 1
5893 4064 1
5893 4065 1
5893 5895 1
5895 5894 1
5896 5893 1
5897 5894 1
5897 5899 1
5898 5893 1
5900 5896 1
5901 5902 1
5910 5909 1
5912 5911 1
5914 5916 1
5915 5913 1
5917 4018 1
5917 5919 1
5917 5920 1
5917 5921 1
5917 5922 1
5918 5917 1
5920 5917 1
5921 4018 1
5921 5918 1
5921 5922 1
5922 5919 1
5929 5927 1
5930 4267 2
5934 5935 1
5935 5195 1
5935 5933 1
5935 5934 1
5936 5195 1
5936 5934 1
5937 5936 1
5939 5584 1
5940 5941 1
5940 6575 1
5942 4041 1
5946 4759 1
5946 5945 1
5949 5950 1
5949 6529 1
5950 5949 1
5951 5950 1
5951 6529 1
5954 4194 1
5954 5351 1
5955 4609 1
5955 5958 1
5961 5962 1
5967 5966 1
5969 6197 1
5974 5972 1
5974 6600 1
5975 5113 1
5977 5976 1
5978 5976 1
5979 3962 1
5980 5981 2
5982 5406 1
5982 5983 1
5983 4294 1
5983 4759 2
5983 5490 1
5983 5984 1
5984 5406 1
5984 5983 1
5989 4003 1
5992 1346 1
5993 5707 1
5995 4193 2
6003 4335 1
6005 729 1
6005 4207 1
6005 6007 1
6007 4619 1
6007 6947 1
6010 5583 1
6010 5749 1
6015 6016 1
6018 6019 1
6019 7371 1
6024 4192 1
6025 6026 1
6029 4787 2
6031 4735 1
6031 5003 1
6033 6034 1
6034 6033 1
6036 6037 1
6039 4196 1
6041 5955 1
6045 6043 1
6047 6046 1
6047 6048 1
6047 6174 1
6048 6047 1
6052 4127 1
6052 6053 1
6052 6057 1
6052 6058 1
6053 4127 1
6053 4873 1
6053 6057 1
6054 4127 1
6054 5089 1
6054 6052 1
6054 6053 1
6054 6055 1
6054 6058 1
6055 4873 2
6055 6053 1
6056 6053 1
6056 6055 1
6057 3997 1
6057 4275 1
6057 6055 1
6058 4127 2
6058 4390 1
6058 6054 1
6058 6057 1
6058 6059 1
6059 4127 1
6061 4192 1
6063 4192 1
6063 4635 1
6064 7212 1
6064 7213 1
6064 7214 1
6066 6067 1
6068 6070 1
6072 4640 1
6073 5455 1
6073 7075 1
6075 4873 1
6076 4874 1
6081 4492 1
6082 5013 1
6082 5444 1
6082 6466 1
6084 3957 1
6084 6085 1
6087 7019 1
6087 7129 1
6094 6096 1
6094 6098 1
6097 6094 1
6098 6096 1
6099 6100 1
6100 5065 1
6102 5126 1
6105 4177 1
6106 6107 1
6108 4706 1
6110 5168 2
6111 4468 2
6116 5257 1
6117 6118 1
6117 6119 1
6119 6117 1
6121 4212 1
6126 6125 1
6127 6128 1
6128 5094 1
6129 4226 2
6132 4518 1
6133 5123 1
6136 6137 1
6139 3994 1
6141 6142 1
6142 4256 1
6144 6147 1
6144 6148 1
6145 4267 1
6145 6146 1
6145 6148 1
6146 6148 1
6147 4267 1
6148 6147 1
6150 5511 1
6153 6152 1
6153 6454 1
6156 2632 1
6156 6503 1
6161 6160 1
6161 6164 1
6162 6160 1
6162 6163 1
6162 6166 1
6163 6162 1
6163 6166 1
6164 6161 1
6164 6162 1
6164 6163 1
6165 6163 1
6166 6164 1
6166 6168 1
6168 6161 1
6168 6166 1
6169 6165 1
6170 6173 1
6171 6170 1
6171 6173 1
6175 4806 1
6177 6176 1
6179 5283 1
6185 6187 1
6185 6188 1
6185 6189 1
6186 6187 1
6186 6189 1
6188 6187 1
6188 6189 1
6191 6192 1
6192 6191 1
6194 4466 1
6199 4324 1
6201 4407 1
6202 37 1
6202 6201 1
6203 6204 1
6203 6205 1
6203 6207 1
6205 6206 1
6206 6207 1
6207 6203 1
6208 6211 1
6210 6208 1
6210 6211 1
6215 6216 1
6221 5677 1
6221 6220 1
6222 4003 1
6222 5491 1
6222 6223 1
6223 4003 1
6223 5491 1
6224 6225 1
6224 6226 1
6225 3989 1
6225 6226 1
6225 6227 1
6226 3989 1
6227 6226 1
6230 6563 1
6233 6234 1
6237 4119 1
6239 4234 1
6241 4268 1
6241 7378 1
6243 4690 2
6243 7134 1
6247 5104 1
6249 616 1
6250 6251 1
6251 616 1
6251 6249 1
6257 4345 1
6257 6258 1
6258 6257 1
6261 4436 1
6262 5159 1
6264 5748 1
6265 6178 1
6273 6274 1
6275 5801 1
6276 6275 1
6277 5452 1
6278 6280 1
6279 6281 1
6280 6278 1
6287 6288 1
6289 6290 1
6290 6955 1
6292 6293 1
6293 6292 1
6293 6296 1
6294 6292 1
6294 6296 1
6295 6292 1
6295 6294 1
6295 6296 1
6299 6297 1
6299 6298 1
6300 5301 1
6302 3751 1
6306 6309 1
6308 6307 1
6309 6308 1
6312 4387 1
6318 1346 1
6318 6319 1
6318 7305 1
6319 4049 1
6321 6323 1
6322 6321 1
6323 4141 1
6324 6325 1
6328 5181 1
6329 6330 1
6333 4430 1
6337 7203 1
6338 5209 1
6339 6338 1
6340 6339 1
6343 6344 1
6346 5489 1
6347 1550 2
6348 6350 1
6350 6349 1
6354 4193 1
6354 4701 1
6356 5436 1
6356 6357 1
6358 6359 1
6359 5489 1
6360 5034 2
6364 6722 1
6364 6725 1
6364 6726 1
6364 6732 1
6367 6368 1
6368 3965 1
6373 616 1
6373 2720 2
6373 6372 1
6374 6373 1
6375 6373 1
6380 6379 1
6381 6380 1
6392 6393 1
6393 6392 1
6394 5017 1
6395 5095 1
6397 4528 1
6399 6386 1
6400 4266 1
6401 6400 1
6404 4407 1
6404 4425 1
6405 7113 1
6405 7151 1
6406 7277 1
6406 7279 1
6412 4499 1
6427 3979 1
6436 4060 1
6436 4214 1
6437 6438 1
6438 6437 1
6447 6448 1
6448 4038 2
6448 6446 2
6448 6449 2
6449 4038 2
6449 4399 2
6449 6447 1
6450 4294 1
6452 4294 1
6452 6453 1
6455 5525 2
6458 6459 1
6462 4468 1
6462 6461 1
6463 6464 1
6464 4365 1
6465 4259 1
6466 6082 1
6469 6470 1
6471 6468 1
6476 4102 1
6476 4352 1
6477 4352 1
6477 6478 1
6478 6477 1
6481 5017 1
6483 4833 1
6484 5735 1
6487 7314 1
6488 1550 3
6490 1550 1
6492 4989 1
6492 6493 1
6493 5080 1
6493 6395 1
6497 5481 1
6498 6497 1
6499 5199 1
6502 4870 1
6506 7006 1
6506 7009 1
6506 7010 1
6507 7012 1
6509 5190 1
6511 4017 1
6514 4243 1
6518 4531 3
6520 6522 1
6521 4057 1
6521 6524 1
6522 3562 1
6522 6523 1
6523 6524 1
6524 6520 1
6531 3988 1
6531 4505 1
6532 4048 1
6534 6535 1
6535 4942 1
6535 6536 1
6541 6347 1
6542 6347 1
6543 729 1
6545 6455 1
6554 4170 3
6554 6553 1
6554 6555 1
6554 6886 1
6555 4170 1
6556 6555 1
6557 4026 1
6557 7227 1
6558 6557 1
6560 6559 1
6562 6230 1
6562 6564 1
6564 6230 1
6564 6563 1
6565 6567 1
6569 5534 1
6569 6568 1
6571 6304 1
6575 6576 1
6577 4097 1
6578 4099 1
6579 6580 1
6587 4192 1
6587 6007 1
6588 4054 1
6588 6042 1
6588 6589 1
6589 4228 1
6589 6588 1
6590 5190 2
6590 6591 2
6591 6590 2
6591 6758 1
6591 6759 1
6599 4109 2
6599 4226 2
6600 6602 1
6601 5974 1
6603 4192 2
6603 4510 2
6605 6604 1
6606 6604 1
6606 6966 1
6610 6612 1
6610 6615 1
6612 496 1
6612 6611 1
6612 6613 1
6612 6614 1
6613 6610 1
6615 6612 1
6620 6970 1
6622 4079 1
6622 4226 1
6626 4253 1
6626 4268 2
6627 6629 1
6629 6627 1
6632 4251 1
6632 5786 1
6632 6518 1
6635 4057 1
6640 6639 1
6641 4443 1
6641 4444 2
6641 6639 1
6642 4550 1
6644 3562 1
6644 5113 1
6644 5445 1
6646 6698 1
6647 6648 2
6647 6697 1
6648 6647 2
6649 5402 1
6649 6650 1
6649 6651 1
6650 6649 1
6653 4151 1
6655 6656 1
6660 4256 1
6660 4809 1
6660 5491 1
6660 6659 1
6660 7282 1
6661 5199 1
6665 4946 1
6667 6668 1
6671 6670 1
6674 5530 1
6674 6675 1
6677 6678 1
6679 4240 1
6679 4668 1
6679 5034 1
6680 4228 2
6683 4518 1
6683 6687 1
6686 6690 1
6687 4595 1
6688 4595 1
6688 6686 1
6688 6690 1
6689 6688 1
6689 6690 1
6690 6687 1
6690 6688 1
6695 4942 1
6695 6620 1
6696 6646 1
6697 6647 1
6698 6696 1
6702 6703 1
6704 4093 1
6706 4408 1
6707 6710 1
6707 6712 1
6708 6711 1
6710 6707 1
6711 6712 1
6716 6717 1
6722 6723 1
6722 6726 1
6722 6727 1
6722 6728 1
6722 6729 1
6722 6732 1
6723 5491 1
6723 6364 1
6723 6729 1
6724 6364 1
6724 6726 1
6724 6730 1
6724 6734 1
6725 5491 1
6725 6731 1
6725 6733 1
6725 6734 1
6726 6728 1
6727 5491 1
6727 6722 1
6727 6724 1
6727 6730 1
6727 6735 1
6728 5491 1
6728 6364 1
6728 6724 1
6728 6730 1
6728 6732 1
6729 6722 1
6729 6724 1
6729 6726 1
6729 6728 1
6729 6732 1
6730 6723 1
6730 6729 1
6730 6733 1
6731 4268 1
6731 6364 1
6732 6724 1
6733 6730 1
6734 4268 1
6734 6733 1
6734 6735 1
6735 6726 1
6735 6732 1
6735 6734 1
6736 6737 1
6739 6740 1
6740 6741 1
6740 6996 1
6742 5087 1
6742 5688 1
6742 6743 1
6743 4617 1
6743 5688 1
6746 6745 1
6747 6745 1
6751 6752 1
6756 6757 1
6758 6591 1
6761 5444 1
6764 6487 1
6765 6768 1
6767 6768 1
6769 4336 1
6774 4803 1
6774 6775 1
6774 6776 1
6775 6774 1
6780 6779 1
6781 6779 1
6782 4214 1
6783 4296 1
6783 4507 2
6783 4668 1
6783 5005 1
6783 6785 1
6784 4214 1
6785 6782 1
6789 4969 1
6789 6792 1
6790 4194 1
6791 3977 1
6791 4969 1
6791 6789 1
6792 4969 1
6792 6789 1
6797 5757 1
6801 6800 1
6802 4223 1
6803 4348 1
6803 6209 1
6804 4041 1
6810 6809 1
6818 6819 1
6821 6824 1
6822 6325 1
6822 6820 1
6822 6821 1
6823 5583 1
6823 6822 1
6824 6325 1
6824 6823 1
6825 5747 1
6829 4707 1
6830 4708 1
6830 6829 1
6831 4708 1
6831 4843 1
6831 6829 1
6831 6832 1
6834 6835 1
6835 6834 1
6838 4251 1
6842 4065 1
6843 4626 1
6845 6843 1
6851 6852 1
6851 6853 1
6853 4443 1
6854 3987 1
6857 6858 1
6861 6862 1
6865 3977 1
6865 4833 1
6867 6866 1
6867 6868 1
6871 4457 1
6874 4373 1
6875 4373 1
6876 4946 1
6876 6877 1
6877 4946 1
6881 6883 1
6882 6883 1
6886 7178 1
6891 5088 1
6891 7053 1
6892 5088 1
6892 6891 1
6892 6893 1
6893 5088 1
6894 6895 2
6897 6896 1
6898 4928 1
6899 5065 1
6899 6900 1
6900 5253 1
6902 5065 1
6903 5013 1
6903 7253 1
6905 5013 1
6905 6903 1
6905 6904 1
6908 6907 1
6912 6911 1
6913 7073 1
6914 6915 1
6917 6919 1
6918 6917 1
6918 6919 1
6922 7183 1
6924 6923 1
6926 6925 1
6927 6928 1
6928 6929 1
6929 6928 1
6933 6931 1
6940 6941 1
6941 6942 1
6945 297 1
6945 4922 1
6945 6007 1
6946 6587 1
6947 729 1
6947 6944 1
6949 6950 1
6950 6948 1
6951 4491 1
6951 6953 1
6958 4455 1
6958 4747 1
6962 6961 1
6964 4054 1
6967 5364 1
6968 6969 1
6969 6968 1
6971 3980 1
6972 5530 1
6974 5481 1
6981 6984 1
6981 6986 1
6981 6987 1
6982 6983 1
6983 6982 1
6983 6985 1
6983 6987 1
6985 6984 1
6986 6987 1
6988 5206 1
6988 5208 1
6995 6993 1
6997 6740 1
6997 6996 1
6998 6994 1
6998 6995 1
7000 4942 1
7002 7000 1
7004 7008 1
7004 7011 1
7005 7004 1
7005 7010 1
7005 7012 1
7006 6506 1
7006 7004 1
7006 7010 1
7006 7012 1
7007 6506 1
7007 7004 1
7008 7006 1
7008 7010 1
7008 7012 1
7010 7004 1
7010 7008 1
7010 7012 1
7011 6507 1
7011 7007 1
7012 6506 1
7012 7010 1
7016 5479 1
7019 4847 2
7024 7023 1
7028 5464 1
7030 3562 1
7033 4108 1
7033 7032 1
7034 4468 1
7038 7040 1
7043 7041 1
7046 4139 1
7046 7045 1
7046 7047 1
7052 5844 1
7056 7055 1
7058 7059 1
7059 7060 1
7060 7058 1
7062 616 1
7063 7062 1
7068 4690 2
7069 5514 1
7071 5548 1
7073 7074 1
7074 4258 1
7074 7073 1
7075 6073 1
7077 7076 1
7077 7079 1
7078 7080 1
7079 7076 1
7079 7078 1
7086 4472 1
7090 4065 1
7092 7090 1
7092 7091 1
7093 4678 1
7094 4352 1
7095 3960 1
7098 7099 1
7098 7100 1
7099 7101 1
7099 7102 1
7100 7099 1
7101 7098 1
7101 7100 1
7109 7110 1
7110 7109 1
7113 5525 1
7114 4606 1
7114 7115 1
7120 7122 1
7120 7127 1
7121 7127 1
7122 4041 1
7122 4205 1
7122 4768 1
7123 7121 1
7123 7122 1
7123 7127 1
7124 4348 1
7124 4768 1
7124 7121 1
7124 7127 1
7125 4348 1
7125 5191 1
7126 4768 1
7126 5573 1
7126 7120 1
7127 4768 1
7127 7120 1
7127 7122 1
7127 7125 1
7127 7126 1
7128 4491 1
7129 4847 1
7129 6087 1
7130 4847 1
7130 5177 1
7130 6087 1
7132 7133 1
7133 4079 1
7133 5993 1
7137 5094 1
7139 6683 1
7139 7138 1
7141 4787 1
7141 7142 1
7145 5199 1
7148 4588 1
7149 4407 1
7149 5525 1
7149 7150 1
7149 7151 1
7150 6405 1
7151 4407 1
7151 5525 1
7154 4003 1
7156 4097 1
7156 4098 1
7157 5756 1
7164 4517 1
7165 367 1
7165 7163 1
7168 4709 1
7168 5711 1
7171 4194 1
7174 7172 1
7175 7176 1
7178 4444 1
7178 6209 1
7179 6886 1
7180 7181 1
7181 7182 1
7183 3983 1
7183 7184 1
7185 4109 1
7185 4111 1
7185 5051 1
7189 7190 1
7190 5514 1
7190 7189 1
7191 5491 1
7191 7192 1
7192 7191 1
7192 7194 1
7193 5491 1
7194 5491 1
7194 7191 1
7196 7197 1
7198 4578 1
7202 7201 1
7203 4726 1
7204 4726 1
7206 7205 1
7207 7208 1
7208 7207 1
7209 5036 2
7209 7214 2
7211 5364 1
7211 7214 2
7212 7214 1
7213 5036 1
7213 7210 1
7214 5036 2
7214 5364 1
7214 7212 1
7215 5464 1
7218 4111 1
7221 5034 1
7225 6695 1
7230 4101 1
7232 7233 1
7234 7236 1
7235 7234 1
7236 4742 1
7236 7235 1
7242 7243 1
7243 7241 1
7243 7242 1
7245 7244 1
7246 7244 1
7246 7245 1
7247 7245 1
7249 7250 1
7250 5981 1
7250 7249 1
7252 7253 1
7252 7255 1
7253 4600 1
7253 7255 1
7254 4453 1
7254 7252 1
7255 4600 1
7260 7261 1
7261 7262 1
7261 7263 1
7262 7264 1
7262 7265 1
7262 7268 1
7263 7265 1
7264 7263 1
7265 7264 1
7266 7260 1
7266 7267 1
7268 7260 1
7268 7263 1
7268 7267 1
7270 7269 1
7271 5690 1
7272 5355 1
7275 5275 1
7278 5445 1
7282 5491 1
7286 7287 1
7288 7287 1
7289 7290 1
7291 7168 1
7292 7291 1
7295 5476 1
7297 5402 1
7298 7300 1
7299 7301 1
7300 4268 1
7300 7301 1
7301 4256 1
7301 7299 1
7303 4032 1
7303 4033 1
7304 4032 1
7305 7133 1
7305 7306 1
7306 1346 1
7307 5036 1
7307 7209 1
7308 3994 1
7308 7209 1
7308 7211 1
7308 7378 1
7308 7379 1
7308 7380 2
7310 6379 1
7310 7311 1
7314 7313 1
7315 7316 1
7319 4455 1
7319 4747 1
7327 7328 1
7327 7330 1
7329 7330 1
7330 7328 1
7332 7333 1
7333 4131 1
7334 7335 1
7335 7332 1
7335 7333 1
7336 7339 1
7339 7336 1
7341 7342 1
7341 7343 1
7341 7344 1
7343 7341 1
7343 7344 1
7344 4561 1
7344 7341 1
7347 7349 1
7351 5812 1
7351 7350 1
7353 7352 1
7354 7352 1
7356 7355 1
7357 7358 1
7358 616 1
7358 5545 1
7359 7372 1
7359 7374 1
7361 6474 1
7362 6424 1
7368 5671 1
7368 5672 1
7369 7370 1
7370 6019 1
7372 4214 1
7372 5032 1
7373 7359 1
7378 4268 1
7383 7392 1
7383 7397 1
7384 7387 1
7384 7388 1
7384 7393 1
7384 7402 1
7385 7383 1
7385 7400 1
7385 7401 1
7385 7403 1
7386 7388 1
7386 7389 1
7386 7390 1
7386 7391 1
7386 7392 1
7386 7394 1
7386 7397 1
7387 7383 1
7387 7388 1
7387 7390 1
7387 7392 1
7387 7397 1
7387 7401 1
7388 7385 1
7388 7391 1
7388 7394 1
7388 7396 1
7388 7397 1
7389 7383 1
7389 7397 1
7389 7399 1
7390 7387 1
7390 7388 1
7390 7392 1
7390 7397 1
7390 7402 1
7390 7403 1
7392 7384 1
7392 7387 1
7392 7388 1
7392 7393 1
7392 7396 1
7393 7388 1
7393 7392 1
7393 7395 1
7393 7402 1
7394 7383 1
7394 7388 1
7394 7397 1
7394 7398 1
7394 7399 1
7395 7383 1
7395 7384 1
7395 7386 1
7395 7390 1
7395 7393 1
7396 7383 1
7396 7385 1
7396 7386 1
7396 7387 1
7396 7390 1
7396 7398 1
7396 7400 1
7397 7386 1
7397 7389 1
7397 7392 1
7397 7393 1
7397 7394 1
7397 7402 1
7397 7403 1
7398 7384 1
7398 7385 1
7398 7388 1
7398 7393 1
7398 7399 1
7398 7402 1
7399 7385 1
7399 7386 1
7399 7387 1
7400 7385 1
7400 7386 1
7400 7392 1
7400 7398 1
7400 7401 1
7401 7383 1
7401 7387 1
7401 7388 1
7401 7394 1
7401 7398 1
7402 7386 1
7402 7389 1
7402 7391 1
7402 7393 1
7402 7396 1
7403 7387 1
7403 7392 1
7403 7396 1
7403 7398 1
7403 7399 1
7404 7405 1
7407 7406 1
7408 7406 1
7416 4049 1
7419 4518 1
7419 7420 1
7422 4986 1
7423 7424 1
7427 4468 1
7427 6112 1
7428 3979 1
7430 5209 1
7430 7429 1
7431 5209 1
7435 4752 1
7435 5013 1
7435 5091 1
7436 7308 1
7440 5355 1
7443 5705 1
7444 6632 1
7446 7447 1
7450 7449 1
7452 5445 1
7453 7452 1
7454 5156 1
7454 5275 1
7454 7457 1
7455 4976 1
7455 5157 1
7455 7460 1
7456 4201 1
7456 4223 1
7456 4976 1
7456 7459 1
7457 4867 1
7457 4976 1
7457 5157 1
7457 7455 1
7457 7460 1
7458 4223 1
7458 7457 1
7459 4201 1
7459 7460 1
7459 7461 1
7460 3989 1
7460 4201 1
7460 7456 1
7461 5156 1
7461 7454 1
7461 7457 1
7466 7465 1
7469 4468 1
7474 7472 1
7474 7473 1
7476 7477 1
7478 6037 1
7480 7482 1
7481 7482 1
